41.5149
51.1807
65.6554
41.5901
51.1807
51.1807
63.9618
42.3643
26.4969
41.5901
56.0995
63.1206
43.9106
24.0617
23.0908
42.4371
64.7609
63.3387
43.4496
70.1273
61.8726
54.6652
57.6082
48.3979
43.5198
71.1010
62.6055
54.0369
54.0369
57.9888
49.8737
50.6136
62.3674
53.4043
50.1194
53.4680
61.7385
53.4680
61.2221
53.7765
53.7765
60.6718
58.5981
60.4421
55.2609
45.5051
54.9352
45.0561
59.1701
60.7282
39.2617
29.5521
60.7794
44.4733
40.4341
28.7846
26.5620
52.9816
61.0757
28.3084
27.2158
56.9273
60.1054
63.6992
69.2746
45.1288
28.3683
50.7082
63.5849
59.2460
58.8516
63.3653
46.8187
29.2717
50.0069
58.9098
62.7722
59.0689
59.5337
48.1980
29.3929
50.0000
69.4694
62.8009
59.6529
69.8295
63.1633
60.1178
28.1449
70.0169
63.3512
29.8473
52.5614
70.8031
64.5592
53.6392
66.0551
82.9153
53.6392
65.3016
83.5317
55.5949
66.5184
58.2726
59.2657
61.5614
81.2086
36.5096
21.1234
58.9407
60.9612
71.8392
85.8724
36.6408
40.8123
58.8230
63.1222
66.6972
66.6972
85.4945
36.4913
40.7847
28.9295
26.2666
59.9784
64.2394
87.0889
67.7762
67.7762
35.8606
40.8103
29.4590
26.0351
61.1520
66.1984
78.2969
72.1227
72.1227
35.9065
40.4077
35.6574
30.2221
27.4194
72.8905
61.1520
71.3869
78.8063
40.4321
37.5407
39.6508
42.0556
39.9603
27.5518
77.5107
54.8723
54.8723
71.0275
91.0596
41.3240
39.9413
40.1278
55.3618
55.3618
71.1436
69.4632
69.4632
43.0160
41.7185
55.8170
55.3618
67.2228
65.9143
65.9143
74.2392
77.3987
41.9647
42.8815
56.6033
56.6033
67.2140
66.3367
66.3367
74.0893
74.0893
77.3399
40.8937
41.2435
43.1083
42.7052
59.6207
58.9260
58.8945
67.0663
73.3000
67.3216
67.6221
73.4741
77.2703
39.7211
40.3396
42.8269
42.9530
31.1455
59.6207
60.8956
61.1462
68.5245
68.1514
73.0727
39.9749
38.6091
42.0182
47.3704
31.4932
29.7852
59.9421
62.6178
62.2765
68.6449
72.2793
41.0648
40.2867
42.9501
50.5843
31.4049
29.4220
33.7299
60.4435
63.2704
62.5964
69.0009
71.4432
40.5787
41.5385
43.4840
31.4546
29.1688
34.6869
60.2542
64.1127
62.5733
69.0928
68.5000
39.8015
42.0064
33.4590
30.7031
34.1169
59.2253
64.7982
63.1358
41.9417
41.8190
46.7213
48.5375
66.0608
64.2403
66.5148
46.4699
41.5497
40.4003
28.9907
44.8054
64.8689
67.0124
44.7148
49.8528
41.7801
39.5127
53.6386
28.8066
43.3651
64.8689
68.1202
45.0526
50.7328
42.9878
56.9374
28.8743
23.1679
42.3643
65.0074
68.9986
45.0526
42.4248
50.7050
43.2196
29.8198
31.7605
23.2168
42.3643
65.3982
69.9809
51.8780
44.9877
43.1481
43.2324
31.6963
24.8403
67.0096
71.5842
45.0221
44.1262
43.6660
43.4390
37.9160
25.3404
40.7191
69.1004
56.2268
41.4693
43.2597
43.6264
43.4390
43.4390
25.4955
39.7702
69.9741
74.0140
54.9958
38.3905
42.8775
44.1280
44.0576
38.8873
72.4547
36.3631
48.4607
42.6275
44.7643
43.9425
42.9854
38.3847
72.3953
34.9373
49.4893
45.7147
43.3640
38.2781
46.0537
72.7521
34.2995
48.5334
45.8746
49.4851
42.1407
38.0875
38.1790
38.1790
36.2865
34.1446
50.1524
43.3594
37.8692
37.8692
36.0391
54.2082
34.4716
37.7016
35.3223
49.1243
49.1243
43.0280
33.5221
37.7889
38.4617
47.7708
35.2036
49.4501
51.8289
50.2815
51.8372
43.9631
28.8629
31.5945
38.6638
38.6169
47.7708
35.6986
49.6752
48.9471
48.9471
51.8372
45.8220
43.5488
40.1886
36.3333
29.0484
27.2559
39.6440
39.4558
48.4160
39.2358
48.5530
49.3394
49.4116
43.4051
40.1642
30.0853
26.0685
39.9888
49.8993
42.8901
49.7229
49.3394
49.7274
42.0826
41.2527
39.4926
32.9458
35.2157
24.8899
41.1644
43.0218
50.2441
49.6011
49.8873
42.6715
41.6999
39.2529
32.9592
32.6350
35.2614
24.5111
42.6796
37.1060
40.7500
34.5128
34.5128
41.9994
49.5737
50.1829
49.5775
42.8977
43.0378
39.1720
32.7116
34.9323
41.9790
44.9435
31.6585
39.8529
34.5128
34.3650
49.3878
50.1976
49.0987
45.9140
43.2034
43.6735
40.6433
32.4346
41.7812
46.1271
32.5871
38.5506
34.3650
34.3650
49.3878
49.3263
49.0350
52.9506
45.1321
41.7021
32.5871
38.3499
44.6170
49.2425
49.5301
51.8184
33.5808
46.8357
48.2240
50.3324
51.1809
37.1957
47.7927
35.7615
47.2792
36.5037
36.2279
45.7882
39.2245
47.0902
43.9954
36.6410
36.6410
36.4132
42.3987
43.7188
46.9069
45.0110
45.0000
38.1332
38.1332
36.4222
40.3494
46.5118
45.0110
59.0554
44.9976
36.2800
40.3090
46.5118
47.3903
50.2875
44.8726
46.8637
39.8021
36.4302
40.6080
46.5130
51.2424
50.3136
44.6324
46.7745
41.4817
41.2103
48.0411
50.6880
54.7842
45.0024
51.4516
45.9930
41.4817
37.9093
50.5817
56.2598
45.4951
53.5753
45.2310
41.7390
42.6890
42.6890
50.5676
55.5756
58.3135
52.9880
45.1565
42.6032
41.8604
42.6890
42.8430
50.1379
54.3591
61.4581
54.7368
45.9140
41.8100
41.2589
42.8430
41.9771
39.0811
50.0538
53.9558
61.4581
55.2926
47.2429
41.3134
41.1044
40.9240
40.9240
38.6111
47.5926
49.6555
53.4821
60.1081
57.1227
48.5958
41.9993
41.8959
46.8815
48.9757
51.3206
56.4187
56.4791
59.4376
50.0284
42.8770
43.9261
46.5320
52.0905
48.2287
49.6288
54.8341
55.6742
60.8560
51.3535
43.9963
45.0495
43.0012
46.5916
48.6135
49.0350
53.6835
53.9592
60.8498
52.3698
45.6791
45.1200
43.3701
42.5097
46.9532
47.8481
53.5102
49.5295
60.6714
52.8960
43.0205
46.3558
44.8822
43.4963
43.4860
46.8896
54.5454
46.7752
59.5023
53.4632
46.1224
44.8431
44.4625
43.4457
46.8896
55.4165
47.2727
53.3374
53.9332
57.2593
53.1595
46.4782
44.7445
43.2392
51.8731
49.1926
54.1806
51.8105
52.5323
47.4021
44.7231
42.7379
52.9019
47.2463
51.5687
52.3139
50.5708
51.7057
28.4477
47.4021
43.4748
42.4412
50.4423
52.4195
50.9015
53.9624
50.7544
51.3175
28.4477
42.6250
51.7769
51.9845
52.3727
48.5758
51.4255
42.6191
43.8974
51.2590
52.3443
54.7537
45.9318
46.8684
51.4330
42.5484
42.8592
43.8974
51.8924
53.2768
56.3802
48.1598
34.9975
41.9852
42.6947
42.8592
54.2253
54.2481
57.4771
46.2928
54.2040
48.7017
34.7607
48.5479
44.4904
42.6947
56.2233
55.7117
57.3356
47.8343
65.8983
79.6344
52.2245
35.3520
48.2256
46.0284
44.0978
58.4799
57.0318
49.9383
69.8108
63.0535
46.1187
36.1861
31.2503
49.2210
45.7524
50.6262
57.9548
55.3885
51.7497
69.8108
63.9049
58.4075
30.9597
42.7802
43.5227
48.5211
50.6262
58.5491
55.1136
51.9113
64.0747
57.9401
56.1731
31.5790
41.9401
43.0212
44.5446
57.7651
58.3722
48.1567
58.3641
53.6660
53.8013
32.9059
41.9101
42.8972
43.9004
59.8552
58.2176
48.6008
47.1685
53.6660
51.0252
50.9407
41.7333
35.4895
42.3659
44.1323
45.0510
60.7267
57.5196
43.8198
50.0657
50.0699
48.4931
41.7909
42.3798
45.6379
46.4598
48.4390
57.0543
54.1351
46.3324
42.2333
50.0699
50.9600
48.0312
42.8158
42.0529
42.6322
56.9378
57.1239
54.1156
44.7461
41.4003
50.9600
52.9760
50.6747
42.8158
41.9219
43.2426
39.2607
50.9429
57.7691
57.7790
46.4963
54.3495
43.4065
42.6664
52.9760
55.4121
51.9843
43.4926
39.2585
54.1537
51.7974
62.2563
60.5452
46.3725
54.9297
44.8720
42.2656
55.4121
56.5207
39.3479
54.1537
52.5712
49.9736
62.0740
46.1275
55.3852
44.7602
46.6386
56.5207
55.4722
54.5663
68.4810
63.6810
56.9558
43.9412
51.1237
55.4722
53.0689
57.7854
69.1199
62.6119
45.3230
52.1450
53.0689
50.8414
57.5382
48.1179
61.3831
60.3956
69.4707
57.5606
52.7502
53.0202
53.7360
50.8414
49.5824
47.9683
47.4926
62.4549
68.3433
58.1843
57.5606
52.7703
52.2687
58.2574
45.6185
55.9452
49.5824
48.8549
47.8803
44.0589
38.2490
47.2475
60.4604
69.6782
65.6323
58.4703
58.4703
52.7500
51.7624
54.2733
54.2733
61.7823
45.8636
57.5078
48.8549
48.5174
47.8803
37.7558
60.7424
73.6318
63.2879
58.4703
58.3381
52.7091
52.2403
54.5488
54.5488
57.4923
59.7245
48.5174
49.0342
48.2550
35.1101
37.7558
37.9378
35.3634
36.7436
38.5012
58.1333
78.8081
62.5403
58.3381
58.6346
52.2378
55.1353
55.4961
58.7835
49.0342
49.6869
49.9213
33.5266
38.6139
38.6139
35.5793
36.7436
39.4368
53.1487
58.8467
62.5403
58.3762
58.9727
55.9341
55.8511
51.6298
56.3614
52.7487
57.7746
49.6869
48.8866
50.2275
33.2719
38.8498
35.1525
37.1569
39.8761
53.8490
59.0109
63.1519
58.1392
59.9869
56.3230
51.2663
56.9815
53.3841
55.8733
48.8866
46.5916
50.2650
34.1152
35.1378
38.5518
39.7356
53.9948
58.6383
64.7428
60.0790
60.5577
52.1643
54.8430
46.5916
44.5254
49.6162
34.4889
30.2247
39.2500
54.4508
59.3394
65.9806
59.7638
53.0707
50.0000
55.2488
44.5254
44.1608
48.7914
55.7610
61.1684
66.2584
59.0296
54.9450
44.1608
44.8405
47.7029
56.9372
58.2441
67.3335
58.5111
54.6459
44.8405
45.0440
46.8980
56.9372
54.4405
65.2231
58.5111
51.3696
52.9889
46.8469
47.1474
52.7233
53.5432
61.7451
58.1359
51.3684
51.4484
51.4448
47.4426
41.3318
39.1357
55.7569
52.5735
58.0271
58.4894
47.8738
51.3050
51.1280
57.8009
47.4841
42.1373
38.8060
54.7093
52.9726
56.0555
59.5446
47.9976
51.0024
57.8009
46.3278
38.5266
36.5207
50.5791
53.3298
55.6598
60.1109
48.0000
50.0055
77.5588
45.2678
38.6250
36.7500
49.0465
51.2474
49.0602
55.5198
60.8445
51.3594
68.4526
45.1329
38.7488
36.9926
41.7666
45.6039
47.0335
51.2498
47.2304
57.3726
61.0066
46.4361
53.2135
45.0522
41.5762
45.8559
45.1937
51.2498
47.8346
60.4611
59.6058
46.5299
51.0783
45.8222
36.5469
41.3309
45.3498
44.5037
50.1719
60.5173
57.7786
50.9968
49.3077
37.0716
41.4243
44.7422
43.9252
49.0100
57.6254
56.3140
51.0359
54.3479
37.3919
37.2562
37.7738
42.0645
42.9949
43.6009
42.9699
52.4828
55.5164
52.2428
50.4550
51.1726
95.8300
37.6945
36.1565
36.1176
38.0000
42.5071
43.1002
43.8573
51.8302
56.6011
52.0104
49.7592
51.1378
76.3105
52.2255
40.0831
33.9393
36.4889
43.4306
46.9502
44.1673
43.7734
50.5439
51.8302
52.1588
58.3507
47.0231
51.6435
49.4968
50.3919
57.3819
46.9777
32.4833
43.4177
45.2542
43.6423
42.5845
50.5400
52.1588
54.0001
58.5109
45.8494
47.5073
51.6493
49.3067
49.5146
57.3819
49.9352
42.9783
31.3148
43.5916
44.4879
49.0854
54.0001
57.0357
58.0045
44.6804
47.7500
54.4959
55.6349
49.2793
48.6014
49.9352
47.4726
41.8709
30.7355
44.2324
43.5124
36.0000
46.4790
57.2002
57.5176
43.5116
47.9927
53.3622
61.3305
49.6013
48.5756
47.4726
45.8185
40.6628
34.7235
40.7877
41.9177
36.0000
40.3049
46.6359
54.7856
56.5271
43.5000
51.9760
59.4822
52.9061
48.9590
45.8185
43.7111
40.9018
34.2266
39.0243
41.3159
36.0000
39.3934
46.3981
54.0178
55.3421
64.0769
61.5753
53.1762
48.9590
43.7111
41.5353
42.0197
37.7945
41.4504
44.9967
54.4289
53.9617
51.0533
64.0769
45.4392
50.0889
41.5353
39.6093
45.9095
37.4889
37.4004
41.8845
43.3735
54.2355
52.2509
51.3987
68.6710
44.5412
59.6677
39.6093
38.1234
47.4858
37.1110
41.1212
42.7094
53.3135
52.8542
51.3869
59.3605
38.1234
38.0024
46.7805
35.0523
39.0613
42.7530
52.0901
56.2548
49.9858
45.7302
50.1960
38.0024
39.9883
45.2516
35.0013
38.6705
42.9368
51.1854
59.1433
47.8678
42.5723
41.5735
39.8847
42.2174
43.5593
51.3599
51.9549
46.5759
47.4516
40.9043
41.5506
41.5506
42.1881
43.6023
42.6608
51.2856
52.1060
47.6524
45.1403
40.4932
40.9043
41.5393
41.5393
43.3349
45.6288
41.4893
49.2779
52.1060
44.7904
41.4801
41.3953
41.7757
43.9291
49.1168
40.5257
33.4973
42.8295
52.2680
45.2161
42.5043
40.5620
42.2498
48.9162
52.4998
39.9217
37.6928
31.7263
41.0951
52.3227
44.7674
39.0687
42.9657
52.7871
51.1186
40.2833
31.0287
42.2838
52.8525
38.2696
43.4448
56.7307
45.9988
40.8335
36.6420
44.2288
52.9991
43.5271
56.9509
41.3692
40.8165
33.7064
36.6740
43.9901
52.3152
49.7972
43.6574
50.7981
40.5935
40.1130
31.9923
35.2493
42.6199
50.7166
53.6945
50.0150
46.2684
44.6324
44.3638
41.4667
40.7390
30.8703
34.0230
42.4681
48.3460
51.4916
50.4646
45.6238
35.3825
45.9790
41.6447
41.6610
40.7306
32.2139
32.8340
42.5879
46.5109
50.5505
50.8574
45.5554
35.2509
45.9348
41.6890
42.0123
41.7680
32.4918
32.8862
42.3604
45.8345
50.0878
50.8782
44.5622
41.4598
42.5051
41.8302
37.2741
41.8063
46.7242
50.1778
48.7831
46.0487
35.0036
41.7887
41.2650
41.8947
41.9544
36.2584
40.3039
46.1789
50.2808
48.9492
39.6785
40.9615
42.2759
41.8292
41.5820
44.3814
36.7835
40.6700
42.5267
42.5738
32.4444
41.4060
40.3450
37.4879
40.5670
42.9074
43.1638
41.3367
41.2247
37.6075
40.9059
42.3589
42.5423
31.3920
40.4829
40.2225
36.8632
42.0877
40.5039
44.1248
26.7745
40.2814
39.2583
42.5992
36.8524
42.2767
41.4466
43.5204
26.6579
26.0899
39.6772
38.6422
40.7063
44.5216
37.5162
41.4791
39.8962
43.9366
25.2178
26.3802
43.3707
38.5484
40.2210
46.2321
37.9888
40.8147
37.8393
25.0857
27.0529
48.8252
40.0994
40.0994
38.6735
40.2575
45.8282
38.4801
38.9359
40.5570
50.6918
24.9995
27.6802
27.5455
31.5187
27.6215
53.0573
45.0027
38.8771
40.9620
44.6986
38.4801
36.5238
39.1771
62.5416
24.6078
28.5862
28.5862
28.2101
26.2246
48.3386
47.3163
39.2992
41.1553
43.5464
39.0052
36.0169
40.0896
44.8802
24.3326
32.6402
37.2883
23.2206
24.4101
35.2859
41.3601
40.1923
42.2165
43.8556
40.9575
40.5677
39.5622
42.9516
37.1123
23.8045
22.5116
21.4650
35.3160
37.9527
41.9848
43.3102
44.3630
37.7916
41.6319
37.9595
42.7312
36.4700
23.3929
21.2528
36.7690
40.8771
42.3800
45.2945
36.6756
42.2078
36.5642
42.7312
33.3772
29.3238
34.6925
41.0400
42.1271
46.8571
37.4037
43.4299
35.5966
41.6162
33.2840
28.5790
36.8365
33.9839
41.1133
40.7284
43.9555
38.5156
43.9433
34.7103
38.2549
28.8071
31.9202
33.3595
40.8474
40.4159
49.3194
47.6636
43.2341
39.3378
41.4554
34.0580
35.3142
31.6263
31.6093
32.2698
40.4763
40.9136
48.7561
41.7362
39.6744
39.9827
33.8319
35.2870
31.3840
35.3835
39.1208
42.5034
44.5538
49.8941
50.4532
41.4362
39.6944
38.4291
33.9587
32.4661
28.5162
40.5295
37.5517
51.6236
39.6944
56.5944
33.8256
30.5571
27.9926
32.8040
35.8710
50.6620
39.7095
53.7402
34.3376
34.3327
30.6305
27.7450
32.0194
35.1724
35.6861
39.4744
39.7854
49.3463
34.8096
32.0103
26.9728
32.8380
35.3539
35.3539
50.1046
39.0768
43.5433
34.4832
34.4832
34.1118
26.3928
32.9461
35.5727
35.5228
40.2053
44.2934
38.4753
42.0655
34.0301
34.0301
37.8294
33.6113
35.2067
35.9059
39.4734
43.3666
37.6750
43.5940
36.4135
39.3376
26.7701
26.3584
33.7969
36.3647
36.9804
38.5738
36.6861
43.0553
45.7239
39.4273
26.2009
32.8886
32.2840
36.5278
36.7996
37.7730
35.9745
42.9965
47.8309
39.3829
32.4386
32.1610
36.4979
36.5140
35.1566
42.9965
40.9019
39.7582
32.7106
32.3973
34.2953
34.2953
36.7736
35.6575
39.8889
34.3821
42.8511
37.9016
39.7582
34.9600
34.9600
37.4048
39.9306
34.1780
38.7689
37.7810
40.9943
36.3440
34.9600
36.1933
37.8295
34.2751
40.2468
36.9139
38.7689
39.3249
36.0342
33.9258
36.1933
36.6768
37.8545
33.8726
55.0341
38.0078
41.2086
56.7976
33.5140
31.3935
36.6768
36.1016
39.1779
48.7896
58.8168
37.4295
41.7377
44.9173
32.0026
30.1589
34.7708
35.2656
39.8277
50.3764
58.8168
56.0014
36.6229
39.5531
37.1956
37.1956
30.4629
19.0465
33.6616
36.3551
39.8804
50.4639
52.1641
52.1641
35.7262
36.5340
37.0575
37.0575
18.1389
30.9889
38.0656
39.1652
50.0856
52.0038
52.0038
36.1804
34.5211
36.8232
36.8232
51.0000
51.0825
40.8578
37.0292
34.1363
33.0050
32.0043
32.0043
31.0122
33.4905
34.7700
22.9698
24.9005
25.9389
31.0920
31.0987
31.8696
23.4658
23.8864
42.6237
41.2746
32.3416
31.6043
30.6286
30.1298
29.8677
29.2451
28.3835
28.0073
28.0073
29.7395
29.7475
24.0059
23.2994
41.3008
42.3791
68.1729
59.6482
60.3737
34.4829
33.4289
33.2561
32.5073
31.9976
31.3701
25.1061
24.3772
23.0738
43.0854
43.4448
54.2446
54.3520
54.5314
57.1951
50.0574
49.6106
49.5631
35.6808
36.3651
35.2874
34.2480
26.0381
25.5042
22.7694
53.4268
48.2717
53.5897
53.5897
55.2238
50.5327
36.8194
36.2782
37.5788
37.1958
26.0113
26.0642
24.1492
22.7676
54.9399
49.4234
37.3200
37.9616
25.6366
25.0337
24.4165
60.7173
53.7432
54.2214
59.1402
60.0874
51.0532
53.2696
37.9145
37.6883
39.5506
38.9900
26.5376
26.2880
25.8025
25.5333
24.8340
60.1246
61.6883
61.0831
60.8674
62.5209
59.7438
53.6077
37.9785
37.8705
37.0918
35.7598
35.7653
38.2211
37.3598
35.8876
34.6186
37.0188
39.6789
39.2617
26.9465
26.6110
26.0930
57.7254
57.6569
59.0099
55.5879
54.9399
54.9399
57.1951
59.6482
60.8463
60.8463
61.1345
63.4613
52.3395
49.7932
42.5776
38.5869
38.2419
33.6489
33.0656
33.4354
33.6476
33.8820
33.9016
34.4517
34.9759
35.4290
28.2212
27.1871
54.3782
53.6076
55.5473
63.6045
58.8013
58.8013
57.9104
62.5314
61.7736
44.6159
44.9594
44.4589
58.3412
60.5456
61.4573
44.8073
44.7194
44.6221
40.1189
40.0257
39.9184
39.4227
38.8115
38.8115
42.1653
42.2024
27.6311
22.9208
22.1709
21.8367
21.8367
58.4105
58.0114
59.8838
59.5337
61.5159
61.7821
64.2568
38.3201
38.4155
39.3441
29.3067
20.2786
21.2660
23.7344
27.3003
53.6076
59.4161
59.2061
61.4294
59.3583
57.7586
57.8824
58.0114
58.7115
59.8559
75.3966
72.8089
60.3573
61.7879
62.2615
62.5004
62.5004
62.7550
63.3713
28.7846
21.2768
20.5462
20.0370
19.9878
20.0328
59.3706
62.7733
62.2420
60.0540
66.0726
62.1508
28.7426
28.3084
20.0206
21.1862
21.4552
18.0664
18.3931
18.8226
19.2865
19.4938
60.2734
60.1054
59.5308
59.8838
59.5337
61.7148
61.1003
62.4671
62.6375
29.4636
28.1994
20.2108
20.9012
20.8188
16.6827
16.9025
17.1304
17.5128
51.8723
51.8271
85.8448
85.8616
60.3573
60.7582
60.8524
61.0796
61.6540
62.1889
38.3201
38.4155
41.2055
30.5151
19.8109
19.6415
19.3003
18.6345
17.8579
17.0748
16.6323
52.5163
87.4394
86.8895
86.3343
61.7879
62.1508
31.5430
40.9463
20.7915
20.6030
20.3424
22.7651
21.7960
20.3417
87.9979
60.0540
59.6114
61.7148
32.7384
41.0302
21.7187
21.3327
20.7015
21.0305
22.3966
60.1029
61.1003
35.4342
34.0496
41.5471
24.5793
22.9312
22.3612
21.9357
21.4216
21.4777
53.1187
51.8723
51.8271
58.8221
70.2341
84.9935
60.7657
60.4764
59.9827
60.7582
60.8524
61.0796
63.8560
62.0091
60.2883
57.2162
43.5690
43.5920
43.4276
36.2115
41.4616
26.6320
25.3437
23.3359
21.4430
21.0112
56.5561
55.9048
54.3915
53.6857
52.5163
54.8502
58.7564
58.7020
58.8877
60.7545
62.3849
64.2321
62.5420
61.1350
83.1275
83.1275
85.4899
61.2048
61.6540
62.1889
62.1889
62.6375
62.7108
62.7525
62.7525
62.8795
63.2548
54.3932
51.7822
49.4011
47.6277
45.9953
36.3151
40.7847
41.0606
30.9937
28.0865
32.4675
28.5724
58.0767
58.4580
58.4580
65.8171
65.9306
64.9525
64.9525
63.5672
96.5197
88.3564
44.1521
43.6706
44.7773
43.7177
42.8488
40.8103
32.4677
32.3272
29.2355
29.4218
29.6010
66.8251
66.8251
67.7068
45.8707
46.2411
45.5151
46.7998
41.8887
42.8295
42.4593
40.0053
39.0049
38.5073
29.4103
31.3554
27.0660
28.3046
23.3359
21.4430
67.8175
69.0343
44.8812
44.7501
44.6396
42.0027
38.6201
38.4915
38.2451
30.3308
29.7525
26.5899
26.2116
32.4675
70.4525
68.5943
83.9902
83.4758
81.7691
45.2509
45.9128
46.4342
41.1666
40.9391
40.6944
35.0256
30.5152
30.4347
30.5818
22.2241
21.7754
22.2201
23.2112
25.9252
27.8233
30.3683
29.0916
27.8462
74.8613
72.0116
68.8722
69.9939
70.6685
71.1436
89.3779
89.3779
80.8572
82.0006
46.9454
47.3860
46.5189
40.7022
39.0000
38.9995
38.8894
38.0556
37.4337
36.3575
26.1558
25.0559
23.9760
23.0850
31.2168
29.4319
68.5943
67.8175
55.7731
56.7640
91.0596
69.7392
66.8251
66.8251
83.5377
83.1434
80.4480
78.0176
77.0144
76.9215
76.6773
76.1475
76.2135
76.3357
76.4767
46.1556
47.4610
46.7998
43.6082
29.3829
27.4171
31.3960
32.3707
33.1036
26.5675
26.5078
26.7340
26.6702
81.4666
80.7729
72.0116
70.4525
55.3792
67.7068
74.4568
71.9599
69.9995
66.6727
41.8887
42.8295
43.2016
31.3714
31.0427
28.4678
29.6395
30.5863
31.3768
31.8354
31.9687
66.1056
61.0547
60.3563
66.4971
65.9870
74.6713
80.8572
82.0006
61.6245
59.8633
42.0027
41.1666
38.8807
37.8695
36.7944
33.0290
33.8930
34.3015
30.6800
32.2442
31.5119
27.1888
27.2648
27.4023
27.5305
73.7056
73.7253
83.5377
84.3041
56.4776
55.9638
54.1723
53.0292
40.9391
40.6944
40.7022
41.3394
39.9831
39.4089
36.1607
30.9001
32.0850
32.1384
33.1765
30.3941
28.3172
59.7587
59.8048
62.8814
74.2987
75.8584
73.0573
51.7641
52.5045
53.7438
53.1524
41.5395
41.8417
40.5904
34.4292
31.3947
30.9130
61.0537
60.2601
59.7587
69.0505
77.0446
72.4380
71.5331
78.0176
51.6631
51.8127
52.2044
39.6499
39.5172
41.1110
35.7897
31.5527
31.3960
77.9637
77.0187
69.6522
69.1341
74.1498
74.9811
77.0144
76.9215
76.5271
53.6681
54.0994
52.9333
39.5012
39.5277
40.3096
43.4392
31.4619
75.6377
75.6534
75.6273
74.9928
72.6806
51.8349
51.2645
51.0241
50.7070
41.2753
42.5995
43.0607
45.6336
75.3937
71.0707
68.3392
64.3209
60.9759
49.8712
47.8656
45.4024
45.1654
43.1761
43.0834
42.2070
41.2611
40.8701
41.0966
39.8705
42.0130
48.0423
50.4651
74.8695
73.8898
73.0090
58.7722
55.4508
52.9611
44.6066
44.7745
41.7565
42.5307
43.2067
52.1691
72.2314
53.3786
54.1723
53.8986
44.9795
44.9348
43.8853
44.6491
34.1094
34.0443
32.5142
65.5796
71.1330
69.2357
54.2299
56.7371
46.7601
57.0472
45.3672
48.0962
34.1099
70.8367
64.7231
57.9216
53.0401
53.8291
53.8291
52.9770
57.2354
56.9906
52.0243
45.4193
46.5261
43.7538
42.8216
42.1719
49.6952
53.7977
54.6213
38.3283
36.5284
27.4410
50.1278
47.6439
46.4988
56.2881
56.7701
43.0341
44.7977
45.4202
45.8720
53.7085
39.4519
27.3332
27.2952
27.1152
26.9494
46.6932
46.8361
45.9378
56.8568
54.8376
46.1490
45.5556
44.1939
43.2686
52.5008
51.8538
67.3178
37.5972
39.4408
38.0167
38.2390
47.3105
45.6454
45.1693
53.0379
51.1285
44.4627
45.1870
44.3653
50.7974
50.7898
49.5133
41.4770
40.9686
45.3932
30.9263
34.0050
39.1682
38.0167
37.2106
33.7086
32.0000
31.8121
38.9694
38.8612
55.1465
54.7717
45.1890
45.5706
51.5398
43.5151
43.1736
41.5748
45.3067
44.7269
35.5357
32.8373
30.4323
32.5959
27.4926
27.2451
26.7743
43.9647
38.2781
45.3210
44.4690
52.1378
42.9456
43.6957
44.7519
38.3608
39.6595
42.3063
28.7331
28.2282
44.8451
46.7944
52.3820
51.2402
45.7002
46.0013
45.6866
47.3790
40.5916
35.7038
37.8507
38.3808
67.8479
69.1751
34.1990
35.3411
48.4001
45.8205
45.4483
43.3305
43.3164
49.4245
46.4086
34.5245
34.5233
49.0878
41.9592
39.5778
35.3521
34.2200
32.3037
33.1079
49.0451
49.9854
48.0810
46.6651
47.1965
43.6834
42.3933
39.8450
35.8871
37.5797
35.9685
35.3223
34.1196
31.1437
30.8310
31.4265
48.1444
47.2716
46.1449
41.0209
41.2147
47.8175
46.9050
48.0615
48.0052
39.8003
39.6234
38.2891
67.1554
47.9093
47.7672
47.7672
64.1598
65.7990
66.0829
64.4818
51.0773
47.0744
45.4915
46.2532
47.8555
47.3998
46.5873
45.4620
44.5638
42.0486
40.7252
38.9328
30.8964
30.5133
38.1948
38.9430
38.1408
48.4160
50.0411
58.6360
60.7213
62.7134
49.0451
49.9854
49.5567
49.4116
49.1097
49.6247
42.1173
42.5939
39.9381
33.5556
29.4297
29.6398
29.8133
38.2364
51.8518
57.7379
56.8866
56.6406
57.1384
49.7274
49.3134
51.0233
51.4681
44.6783
41.5644
33.5556
51.2412
57.3152
48.2269
48.0052
41.8416
41.9887
39.5375
57.0583
57.0583
52.3259
49.8653
50.2630
50.5040
47.0282
46.5183
46.5873
45.4620
43.5787
38.9328
38.7614
41.2147
42.6758
30.8186
33.0821
33.3802
39.3322
38.6233
38.2035
38.5738
38.9711
39.6965
40.0393
39.8566
40.2882
40.9109
41.1272
42.0346
44.9491
56.5742
49.5924
53.1352
45.7268
44.2198
44.5638
35.4510
32.9592
29.7573
29.6014
29.1867
29.0401
31.6192
31.8497
34.5164
34.5164
34.3658
55.6210
45.1470
52.8773
32.1706
34.5611
33.1914
55.5468
44.5313
44.4818
34.0765
33.3728
54.5832
44.0064
29.3790
29.7122
31.4203
31.5518
32.4849
43.9662
42.4794
42.1905
43.6245
43.2615
44.7828
34.5164
34.3658
34.3658
34.5611
40.6830
49.5839
41.8097
43.3767
42.8977
43.6437
43.1593
43.7022
45.8381
39.6874
38.5448
43.1268
39.4244
39.9135
37.8333
37.6775
35.7339
32.5161
35.8224
31.3750
31.2549
31.3836
36.6105
39.7988
41.4455
45.2164
44.5442
59.4566
52.2954
39.6616
43.9815
39.2140
39.4132
33.2401
31.5220
31.5220
32.4006
34.6202
59.9363
58.7329
51.6373
42.6250
45.3571
56.6728
51.1809
45.2161
45.6290
46.8456
51.1829
46.6790
47.3310
40.4871
39.4665
39.4665
48.6858
42.8333
43.4384
55.1411
51.4522
51.4564
52.9930
51.4743
40.2691
42.2282
56.0848
52.0857
52.4003
54.1390
56.5010
45.2161
45.6290
49.4325
40.4871
39.4665
43.7985
39.2610
37.9093
55.2883
54.4115
53.8026
45.4916
39.1829
39.9747
39.7921
53.4765
55.3338
39.3119
41.6386
56.0778
56.1090
56.1090
57.8095
57.7064
56.1178
47.4254
47.5325
45.5966
42.8625
42.0470
51.8611
55.6742
55.8163
55.3343
56.2357
57.7234
58.4904
58.4904
59.3525
60.3981
50.4016
50.6418
51.7589
51.4999
51.4999
50.9930
49.9188
49.7491
51.3533
54.3496
56.2218
53.1363
52.1211
50.8567
49.3948
37.6735
55.3947
55.5863
52.4869
51.9953
50.2359
51.4465
53.1014
53.3000
40.4312
38.2578
38.5236
34.5473
34.7330
34.0910
31.7647
30.1786
31.2744
33.5933
34.3190
32.2405
29.6797
38.1290
39.5156
56.3824
58.2951
62.5186
52.3617
47.4254
40.7888
41.8943
43.9465
43.3295
29.1509
29.8980
30.7501
31.2455
31.3270
32.1491
32.4674
31.0126
40.4354
46.4373
47.7222
63.4083
65.3843
66.5688
64.9511
62.9765
63.9682
52.7524
53.0075
53.0075
53.3876
58.6146
52.5965
53.5541
53.5541
54.6442
54.8402
47.5325
48.9694
53.5435
40.5664
39.1322
37.4010
39.2504
39.4048
40.0826
40.0826
41.4746
41.6057
30.3144
30.8012
32.1734
32.4445
36.0273
45.0071
45.7222
65.4223
56.0464
53.3184
52.6427
52.8666
53.9530
63.9112
54.2359
52.0970
51.1515
57.0476
40.8634
40.9271
40.7757
34.3809
34.1256
33.9335
33.9335
34.1349
35.9329
40.9591
41.2196
41.2196
40.5445
38.6224
37.2535
36.3377
34.9500
34.2142
45.0000
51.9744
52.0812
50.2595
62.0980
64.0637
39.5264
39.5125
40.1236
36.6468
36.2548
36.1044
35.2439
36.3377
35.8582
34.7093
32.8210
31.9926
32.5353
33.4714
35.0196
52.5965
53.5541
48.8842
47.9626
62.8024
61.0619
42.7520
42.3488
41.1307
40.1696
45.0098
44.9875
44.3408
42.6714
40.5416
39.1073
38.8645
38.1105
37.3295
39.9913
41.6418
32.4216
28.7860
53.7826
54.6442
46.5792
45.6787
60.4527
46.4844
44.1586
41.7157
43.0205
48.4864
49.5914
47.2621
45.5244
28.6165
54.2812
51.1506
45.3967
46.8273
59.1712
55.7791
42.9742
45.2326
42.8671
44.8482
46.0294
47.3933
48.0424
51.8105
44.3368
43.0827
44.8813
44.2833
42.9478
42.2027
43.2558
42.7038
42.7038
43.0315
49.0653
48.6082
50.3517
45.8733
48.5717
46.2657
44.9348
44.7253
42.6947
53.7365
47.9545
50.9667
50.4637
51.2870
48.3398
49.5928
47.8694
47.4183
42.6980
53.8382
54.3394
47.3762
47.3042
48.0267
51.6376
51.3175
51.2871
56.6606
51.9443
47.4655
46.8684
55.1136
48.1298
50.0118
55.0547
54.7199
48.5384
57.8658
64.1965
45.0160
47.8631
50.1079
43.9004
57.3351
45.9633
44.5212
53.5263
56.5232
51.7497
54.0071
54.1156
52.2075
43.6410
50.0046
51.3251
54.2381
50.9442
52.0316
50.5472
52.2962
50.1001
40.1668
39.9600
40.5766
41.1969
49.1294
52.4827
51.6528
50.0048
42.7680
42.9188
43.7595
47.5979
52.7606
52.5116
57.0472
56.6790
53.7477
46.3590
41.6899
43.3221
47.4476
47.2188
49.5800
45.3544
40.6718
40.6982
40.2987
40.3551
39.7627
38.5457
38.2287
39.4335
39.8736
50.2099
50.6747
52.2106
52.2106
46.2932
47.9755
48.9256
49.4906
49.4906
49.7371
49.6063
48.5411
38.8234
34.4183
53.9915
54.3153
54.3294
49.7810
52.1932
46.7232
47.2508
46.5001
46.5001
45.5571
33.6190
33.9244
49.8507
50.0153
48.7744
48.4768
54.4707
42.1588
47.2581
47.8827
48.9737
49.4099
51.2174
54.4091
56.2062
46.8736
45.7266
44.7343
44.2969
44.2969
43.7593
42.8730
43.4838
47.3224
44.1486
42.1359
42.3176
44.1862
43.6773
42.3632
42.0078
38.2057
38.8476
38.6181
42.3681
49.9922
33.9304
33.2472
33.1220
34.5417
35.4273
36.9436
38.7262
50.0155
58.8442
58.2777
44.5807
44.3196
44.2495
44.4926
43.2778
40.5000
45.3742
47.2329
48.2328
48.3484
44.3508
42.7431
44.8115
47.8587
55.3937
39.4655
62.2793
60.2848
61.3830
61.7447
50.6543
58.2286
58.6650
55.7647
54.4313
46.3707
39.0524
67.9049
36.4812
35.3032
36.1520
38.3264
38.0812
35.6473
34.3135
34.7438
62.8367
63.1864
52.8102
79.6041
36.2134
78.5826
31.5245
32.1613
38.0000
60.9824
66.3556
58.0000
53.4080
52.3337
52.4644
49.1299
59.9202
61.2469
51.1474
53.9032
54.5772
32.4987
32.0370
51.2413
50.3676
49.8951
50.2302
54.2519
32.2488
32.2488
32.1312
50.5749
51.8843
51.2134
32.2744
34.3325
58.6428
44.6944
35.7246
54.9753
45.2612
40.2222
49.1543
49.3827
49.6787
50.0428
51.5111
50.9623
51.3594
51.4007
50.7148
53.9722
53.9706
54.2578
54.1605
51.1260
51.1352
46.2859
50.9267
51.1701
51.6772
48.6537
51.0359
51.5018
46.7491
48.9354
45.8598
45.7511
44.8259
47.4285
47.2145
46.6408
45.3731
46.4383
49.3506
54.4358
48.3919
44.6420
43.6701
43.1017
41.7360
45.6645
50.7920
50.7896
50.1864
52.5471
46.8614
46.8614
44.2905
42.8397
44.2849
45.2888
42.5333
41.3335
40.5446
41.5074
41.7587
43.2463
43.4975
53.3329
56.0778
58.3774
47.6706
42.9651
43.4084
42.8162
39.3946
39.0111
31.5000
49.3506
53.7374
50.0185
50.6456
52.7256
56.4591
59.1790
47.7030
41.0767
39.8802
40.6593
52.2465
51.7804
51.6417
48.7876
45.8725
39.7015
57.6841
56.9386
60.2962
53.8999
53.3827
53.2844
53.0805
53.1355
46.5499
45.6356
46.8521
38.5594
61.0056
55.1747
54.8225
55.1083
52.9318
63.4815
62.8240
46.9172
46.5499
47.5908
48.5188
48.4218
33.4033
34.7384
34.0115
35.1815
40.1563
45.0970
39.4503
51.4565
46.0507
75.9852
64.9742
50.0543
48.5122
45.3608
40.9281
42.2183
40.7871
41.7368
46.1370
63.4571
63.3294
48.0081
48.5322
50.9901
51.2719
50.7266
45.7241
43.9051
44.2367
49.4963
49.3750
51.1789
51.2624
51.8497
52.4767
51.0597
51.7334
48.1503
47.7291
44.3048
43.1874
49.8725
48.2234
48.2234
45.3140
52.5426
50.9777
49.5923
48.6080
51.0957
51.2702
50.4811
51.0003
50.5602
49.5198
42.2422
48.5592
44.4019
43.9082
46.0416
47.8412
48.7386
48.4196
47.6771
47.2919
48.6648
51.0875
49.9474
49.4701
49.2150
49.2529
49.7160
33.0107
33.3786
35.8045
35.7347
35.5847
48.7746
47.2919
50.2347
44.3048
52.5458
53.2941
53.6254
53.8696
49.9420
37.3671
37.5866
38.6064
53.8394
53.6597
53.6576
53.6374
49.8358
49.7710
49.5903
41.0145
37.0055
49.7950
40.3398
43.1352
42.2543
41.7126
41.1065
45.0652
46.8404
41.2450
44.3100
31.2817
31.1819
31.0846
31.3538
31.4986
53.6597
45.6178
46.8309
37.9615
41.5425
41.4801
32.6370
32.0038
32.1413
33.0876
53.6576
53.6374
46.7800
46.0872
45.0652
35.1076
36.7249
41.5699
41.8848
44.5008
35.2283
40.2818
41.6497
41.7502
35.6759
38.2176
41.0000
45.2647
42.7907
46.2841
46.5748
46.5210
39.8134
39.5875
44.8799
44.1050
45.0999
47.0894
43.7568
45.4158
28.0761
28.2083
27.0508
27.0552
38.6739
56.9694
46.7650
39.5301
41.8381
37.0539
44.5778
43.4201
46.3407
46.6203
39.6962
38.7681
35.6061
47.1210
44.8799
44.0716
44.0716
44.1050
45.0999
46.6750
46.6241
46.3348
44.5146
41.1058
34.7756
47.3189
48.2599
49.5056
49.9265
49.9896
51.4114
56.9694
55.7088
50.7225
49.5137
49.0025
33.4926
34.3307
41.6569
43.3992
45.6354
46.5262
46.6133
42.0420
44.3138
52.3154
45.5306
42.9475
32.7484
41.3579
41.6845
41.5063
41.8822
42.2078
41.7813
41.5404
40.9887
40.5267
40.3233
40.8119
42.0420
28.6956
31.6636
30.4698
27.2801
29.5353
28.6444
40.2063
40.7922
48.6300
48.5037
48.5037
48.5066
49.3032
49.3537
49.1613
42.1076
41.3441
32.7111
29.4884
29.3096
28.0404
27.7043
39.5552
39.2524
39.2468
39.4902
39.9542
38.4651
40.6008
54.8469
52.0496
49.0257
48.7585
47.7402
44.4766
43.2398
29.5832
39.5049
39.6687
39.9149
40.6251
39.0119
38.4651
43.5655
44.3707
44.2077
44.7307
40.3819
35.7809
28.2054
28.7407
27.2915
27.5786
40.4086
39.3487
38.4124
39.0067
42.6129
41.8493
34.7730
34.3263
36.1744
39.2222
41.3593
35.9975
35.8701
26.3036
26.6022
26.5799
38.3704
39.2222
41.1515
41.0630
41.1617
42.7139
42.7139
42.3480
42.2893
43.2824
35.4926
34.7403
33.5024
32.3798
31.4855
29.8829
28.4302
28.3411
28.5008
28.6956
39.1111
25.2462
25.9772
31.7339
32.1311
32.1311
32.3529
33.2336
33.9069
39.9654
37.9828
39.8812
29.0000
22.3178
22.8200
21.9128
21.7276
24.7812
34.0580
32.7121
37.5471
37.8191
21.4087
24.4404
31.5120
32.2257
34.1693
34.9910
33.2089
31.4514
30.2608
30.0065
29.9738
29.9738
30.3757
30.8677
30.9963
24.9529
24.6628
22.5319
21.9633
21.2214
20.7975
20.7115
21.0050
21.0188
32.6253
32.8743
33.3563
38.6201
36.9094
44.6385
45.2944
45.8176
46.4396
32.1855
31.3472
46.8499
46.0702
42.8253
41.1015
40.4857
47.0746
40.4940
49.7305
28.8806
40.4198
40.3620
41.0816
26.7859
27.2178
28.2799
28.3698
38.3148
40.0818
43.9804
43.4411
43.3149
40.3774
39.9227
39.7819
36.8187
34.5981
31.0003
35.5049
35.4692
39.2464
38.8897
39.2684
40.4087
41.3142
42.8948
49.1057
33.5018
35.5463
43.0627
33.7475
35.1583
36.9235
42.1169
39.6854
26.7739
26.3979
35.6843
38.6047
50.1046
28.2654
40.3946
37.3699
28.7593
32.2852
45.6478
43.7707
41.7452
41.2559
41.1898
40.7199
42.2696
42.8598
37.1941
39.7894
36.6965
36.2737
25.7017
37.9259
26.3112
26.5716
37.3532
27.8845
27.4102
27.3066
27.5180
26.0655
25.3393
30.4524
30.4987
35.6042
37.3726
24.9088
24.7815
29.9882
37.4308
38.5584
42.9038
42.9721
43.6832
41.2215
37.4064
35.5920
34.2928
37.4613
36.0049
38.1490
39.7892
37.0977
