68.3536
68.3536
83.0213
68.4463
68.6115
85.7597
83.9811
65.7913
75.0050
68.9155
86.6337
85.7597
62.0002
75.9770
75.0050
70.1273
85.8140
86.6337
71.1010
84.5889
85.8140
72.3776
70.8495
66.7026
71.5104
83.4823
84.5889
65.7795
73.1600
72.3776
66.7768
71.5104
83.4823
67.9048
66.5499
74.5172
79.5625
79.4098
77.4607
71.7776
81.2918
79.4098
81.9299
81.2918
70.9989
63.4637
74.9764
69.1553
80.6064
80.6064
57.0574
78.9327
79.0240
69.1624
58.1559
79.0687
78.9327
78.1258
78.3961
79.1572
79.0687
78.3961
79.8605
81.4489
82.1568
61.0909
79.1572
61.2374
79.8605
81.8733
82.1568
85.5085
61.6616
79.3575
63.5849
82.8716
85.3828
85.5085
88.1028
61.7572
79.5443
67.8117
82.8716
86.6091
88.1028
83.6548
89.5119
89.5184
80.3134
83.6694
106.1994
81.3452
70.3037
84.5980
106.9083
70.8031
101.3400
99.0427
81.0187
95.5980
101.9708
83.4829
95.4346
81.9556
83.4829
95.4346
104.4446
86.1235
36.6388
81.9556
93.8824
109.7540
104.4446
85.8857
86.1235
80.8381
91.5560
110.5299
90.9922
103.6577
84.9159
85.8857
49.4112
49.4112
80.7797
90.0678
104.5019
109.2510
90.7266
84.3214
84.9159
49.2279
49.2279
79.3421
87.0889
103.5431
104.5497
90.2245
84.2119
84.3214
57.3916
49.2279
49.2279
95.7443
73.6241
104.0562
96.4803
54.9970
83.8885
84.2119
57.4931
57.3916
47.9536
93.2865
82.8416
71.1420
104.4604
105.4912
82.8111
83.8885
57.4931
85.0591
73.8165
104.1621
91.0596
88.2523
81.7113
82.8111
86.8324
81.3781
81.3781
95.9383
89.9405
89.9405
95.9112
81.8057
81.7113
86.3686
81.3781
81.8079
99.6031
90.9493
90.9493
95.9112
96.3290
83.1284
81.8057
68.5162
68.5162
83.0355
83.0355
81.8079
81.9370
102.0674
102.0674
90.3476
90.3476
96.9962
84.5874
83.1284
68.7386
68.7386
67.6692
79.2936
79.2264
81.9370
80.1281
88.6279
88.6279
85.6549
84.5874
68.7386
68.7386
71.2090
49.4348
81.1759
79.2936
80.1281
86.7592
86.7592
86.6422
85.6549
68.8532
68.8532
73.9077
51.6428
51.6428
83.1578
81.1759
80.2396
84.9006
84.9006
86.9121
86.6422
68.6494
75.4605
51.4658
51.6428
84.0787
83.1578
80.2396
84.0212
84.0212
85.8775
86.9121
75.8666
51.4658
51.4658
83.4414
84.0787
82.5833
85.1215
85.8775
74.2466
83.4414
83.4414
80.7582
80.7705
85.9496
85.1215
71.9278
46.5461
81.2917
80.7705
82.2229
85.6085
87.4357
85.9496
71.6036
71.9278
53.6386
77.8937
83.3282
83.3282
67.9859
88.7647
87.4357
71.6036
53.6386
49.5027
75.8088
83.9758
83.9758
66.4982
65.0009
89.8183
88.7647
58.2551
49.8340
49.8340
69.6435
84.3594
84.3594
72.7895
66.7237
66.4982
89.8183
49.8340
49.8340
84.9646
84.9646
72.4133
64.8500
66.7237
95.1394
70.5092
49.5348
71.6773
85.3153
73.1059
64.5945
63.1888
64.8500
104.3377
57.7855
42.7154
72.2715
85.0889
85.3153
73.0461
56.2268
61.5027
63.1888
105.0946
71.4232
85.0889
54.9958
95.0982
59.7760
61.5027
65.4804
67.3340
65.4729
85.0458
49.0540
59.7760
59.7760
65.4963
50.4365
86.3481
86.3481
47.2622
95.7881
56.2693
65.4963
65.4963
52.6841
52.7902
87.0994
75.0982
47.3786
96.4964
65.4921
52.6841
83.7511
72.3976
96.5917
61.3310
74.6518
68.6362
95.8070
65.2319
65.2319
72.2448
52.6001
67.0682
67.0682
66.2193
73.0910
73.0910
95.4611
65.2319
63.1278
43.3109
73.4179
52.6764
66.0469
66.0366
66.1968
71.1880
73.0910
95.4611
95.4631
61.1606
76.8574
74.8148
48.8575
47.4758
73.4179
52.7262
65.7273
65.2637
69.2654
71.1880
71.1880
95.4631
75.7721
57.1514
48.8575
73.0860
65.2637
65.4669
69.9390
68.1449
65.4298
95.5161
76.4232
57.1624
57.1624
72.2428
72.2428
67.3068
65.4669
66.1200
65.4298
64.2818
95.9933
112.7893
57.5846
57.5846
48.1285
71.9752
72.2428
49.9666
65.4029
65.4029
56.7187
56.1753
57.8932
61.2587
64.2818
64.2588
97.6285
114.5842
57.5846
57.1717
71.9752
71.9752
55.2379
64.5198
64.5198
56.6223
54.7217
57.7129
64.2588
65.9778
99.3630
57.6262
114.8287
57.1717
56.7324
65.1401
55.0012
62.7516
62.7516
54.3028
52.9829
55.0679
67.1976
67.1976
100.6066
102.2452
57.5037
54.5283
61.1432
52.5370
65.2487
67.1976
102.2452
103.2195
62.4480
64.0724
65.7955
103.2195
104.5201
52.5074
62.4480
63.4953
63.9925
52.7550
52.6752
63.4953
63.4097
62.0813
63.9925
53.2452
54.5309
52.9951
63.4097
62.7338
62.0813
62.0813
61.4300
51.8799
53.6264
52.6667
62.7338
62.3431
64.7778
106.2587
63.2262
51.7345
61.6102
64.8181
64.8181
64.2253
62.8681
118.9938
51.7345
51.1291
61.0228
61.3793
61.3793
66.5090
59.8580
118.5128
61.6316
53.1804
59.5183
67.0968
105.2097
58.6740
118.5128
119.0562
57.7740
56.1259
67.1840
104.5361
59.6007
119.0562
120.2207
59.5454
57.7740
56.1259
67.1840
67.1840
103.9439
120.2207
121.3959
57.4179
61.5400
61.5400
56.8296
67.3515
67.3515
99.6142
121.3959
122.0545
54.1796
62.1617
62.1617
57.9960
53.2043
66.2688
67.5105
95.8344
122.0545
122.3051
51.1893
62.9660
62.1617
58.4854
50.8448
64.7649
65.2619
66.2688
94.5982
122.3051
122.1778
63.7029
62.9660
65.3791
64.3411
65.2619
94.2774
94.5982
122.1778
121.5638
63.6415
63.7029
64.9854
65.3791
63.9441
64.3411
93.8062
94.2774
121.5638
121.0189
62.8418
63.6415
55.9475
62.1658
64.5319
63.9441
93.2409
93.8062
121.0189
121.4184
62.0328
62.8418
57.1574
56.2562
59.5772
64.5319
92.7102
93.2409
121.4184
122.4254
54.4043
61.1148
62.0328
56.9810
56.8751
63.0778
92.7314
92.7102
122.4254
122.8304
61.1148
61.1148
55.8581
58.9281
59.8822
92.5280
92.7314
67.4769
62.4959
122.8304
122.5679
59.8219
59.9540
60.4826
91.9966
92.5280
66.3850
122.5679
122.5698
59.9540
61.4246
59.8106
91.9966
61.3747
75.3709
77.4885
122.5698
122.9308
41.1297
62.6423
61.4246
55.7828
97.5829
94.0713
77.4885
77.1893
122.9308
122.9633
41.9957
62.6423
100.3207
97.5829
77.1893
122.9633
122.7268
62.2091
59.1094
101.7999
100.3207
77.4255
56.7126
122.7268
122.9117
56.9932
60.0790
58.7724
101.7335
101.7999
78.8404
122.9117
48.3669
53.6889
60.1186
58.8235
101.9038
101.7335
79.9384
81.7840
123.3406
92.2968
50.9852
66.8943
63.5524
59.3586
102.0436
101.9038
81.7840
84.3381
124.9281
126.8800
79.6344
50.4901
64.5080
66.8943
63.2292
101.6158
102.0436
84.6480
126.8800
126.8808
58.7655
49.5099
44.4120
63.3788
63.4926
101.6158
101.6158
84.6480
82.2071
113.2984
126.8808
126.7536
46.8742
56.7571
57.4082
63.4926
96.6590
99.1260
82.2071
75.8333
112.1176
126.7536
127.3733
48.1856
57.4082
58.1516
62.0138
96.6590
98.1286
112.1176
109.4668
127.3733
127.4742
49.7417
58.1516
58.3424
64.1205
98.1286
102.6974
71.9793
109.4668
108.3272
127.4742
126.6424
56.1732
46.2400
58.3424
58.3108
69.3477
102.6974
107.7692
108.3272
108.5918
126.6424
125.2308
56.3000
58.2535
58.2567
74.8950
60.7267
110.0025
75.5564
77.9238
108.5918
108.7677
125.2308
124.4282
56.3000
56.7957
58.2567
110.0025
109.7715
78.9458
79.4815
108.7677
108.2816
124.4282
124.7273
57.0440
57.0440
58.9590
54.4319
75.1188
109.7715
109.6088
57.8586
79.4815
78.2732
108.2816
107.8339
124.7273
125.4616
59.3625
55.9585
77.4562
76.3221
109.6088
110.3501
58.2424
78.2732
79.8802
107.8339
108.0136
125.4616
57.4849
78.7861
77.4562
66.6449
110.6803
58.4800
79.8802
80.1967
108.0136
108.4333
125.8942
78.7861
110.6803
109.4922
80.1967
77.0288
108.4333
108.7621
125.8525
79.0774
109.4922
108.1829
75.9933
108.7621
109.4088
123.4942
121.3296
60.8698
79.3819
79.1154
108.1829
108.1829
66.6575
71.7145
109.4088
110.3518
121.3290
121.3290
60.4604
79.3819
106.3882
106.3882
73.3849
65.6116
71.6346
75.0724
61.5986
110.3518
110.7334
121.6716
121.6716
56.2418
76.2597
60.7424
95.3846
95.3846
103.8799
103.8799
73.3849
63.7924
70.2596
71.6346
77.9111
80.8627
60.8328
110.7334
110.3680
121.0113
119.3468
58.6334
95.7655
95.7655
102.2039
101.7162
73.3520
66.9519
67.6863
70.2596
80.8627
80.8627
110.3680
109.8381
119.3468
117.9798
50.4539
51.4538
56.0006
56.0006
55.7487
55.8719
95.8190
95.7655
101.7162
103.6055
72.8908
65.7760
79.9562
77.8904
109.8381
109.3906
117.9798
117.1788
51.4538
51.4538
54.7751
54.7751
55.9296
55.9296
95.8190
77.9885
106.6772
106.6772
72.5771
72.5000
69.4902
66.3013
77.8904
76.8434
109.3906
108.4929
117.1788
117.5134
52.7253
52.7253
50.1914
55.9296
55.4512
93.4588
79.4590
108.2343
108.2343
72.8651
68.3860
67.3141
76.8434
74.8814
108.4929
106.6002
117.5134
118.5203
50.9057
46.1897
55.4512
51.0774
84.8445
80.4029
108.4972
108.2343
73.4624
67.9010
106.6002
104.5833
118.5203
118.9805
49.4167
46.1897
51.0774
81.1473
79.5387
109.0101
108.4972
67.7924
65.0314
104.1184
103.8634
118.9805
118.4657
79.4296
79.0087
109.3000
109.0101
103.8634
104.0231
118.4657
117.7934
79.5608
74.8426
109.3000
109.3000
104.0231
103.7942
117.7934
117.7236
68.2898
77.6033
106.1485
103.0292
59.4866
103.7942
117.7236
117.8910
75.6920
64.7682
103.0292
104.4550
61.5420
102.8495
117.8910
117.2788
55.2487
55.2487
74.0991
74.0991
104.4550
107.1999
60.9707
62.7203
102.7584
117.2788
114.6158
54.9977
54.9977
73.1134
73.1134
107.1999
107.9636
62.4739
103.1600
113.3128
113.3128
54.9977
54.9977
67.0025
71.7305
107.9636
106.7229
62.8181
63.8889
114.0582
114.0582
54.5114
54.5114
67.0650
66.9486
62.9753
106.7229
104.6845
63.6784
114.0582
117.0768
53.0488
53.0488
60.4233
60.4233
66.9299
67.0650
62.9735
104.6845
103.5382
59.9575
117.0768
120.9154
65.9804
65.9804
66.9299
66.7726
65.3107
103.5382
103.8718
60.6389
120.9154
121.3117
48.5602
67.4322
67.4322
66.7726
66.1460
103.8718
104.6206
121.3117
120.2261
49.0365
67.4322
67.9804
66.1460
62.7330
104.6206
105.1617
120.2261
118.8029
54.9101
52.8911
52.7541
67.9804
67.9804
62.7330
54.3815
105.1617
105.4440
72.2420
71.9894
118.8029
118.8029
59.8588
51.7445
52.8911
50.0000
68.1023
68.1023
58.3688
105.4440
105.6374
71.9894
71.3501
118.1667
118.1667
92.0609
59.8588
49.6694
51.7445
62.4716
62.4716
58.1225
58.3481
72.9419
72.9419
105.6374
106.0141
63.7445
71.3501
70.9470
119.7669
119.7669
106.9541
48.6427
72.0002
72.0002
57.2207
58.1225
77.9812
77.9812
106.0141
106.7121
63.5281
63.7445
70.9470
71.4886
121.7270
122.2384
107.6804
107.3026
48.4388
76.5035
76.5035
78.7701
78.7701
106.7121
107.8017
63.0738
63.5281
73.8404
71.4886
72.1342
122.2384
122.1556
107.3026
107.0709
48.3738
76.9740
76.9740
48.7783
78.7701
78.7701
108.4116
62.8292
63.0738
75.0901
72.1342
71.4653
122.1556
122.0294
107.0709
107.4906
48.3738
76.9740
76.9740
53.6032
53.6032
78.0263
108.4116
106.7551
59.2029
69.4255
76.9317
70.1548
122.0294
121.7445
107.4906
107.4299
48.1866
76.5284
76.5284
54.0998
54.0998
70.7385
106.7551
104.1365
76.9317
80.3903
70.1548
121.1262
121.1262
107.4299
106.6232
75.0111
75.0111
62.7247
104.1365
103.1474
68.6710
88.8194
69.0414
120.6299
120.6299
106.6232
106.5300
62.3823
65.5543
65.5543
60.9759
103.1474
103.8438
80.0570
91.2077
66.7635
120.6299
120.3468
106.5300
107.1857
62.7055
62.7055
60.9798
103.8438
105.1413
83.8058
120.3468
120.1250
107.1857
107.4002
62.7055
62.7055
60.9539
105.1413
106.0188
68.3581
68.3581
120.1250
119.9069
107.4002
107.2472
62.6442
62.6442
60.2061
106.0188
106.3910
68.3581
68.3581
119.9069
119.7248
107.2472
107.0016
106.3910
106.3910
65.6370
67.6141
67.5215
57.9530
119.7248
119.8370
107.0016
107.3203
106.0726
106.0726
63.9705
67.0487
67.6141
63.8573
61.9538
119.8370
119.6049
107.5804
107.8437
102.7784
99.2792
65.4682
67.0487
63.8573
119.6049
118.3707
107.8437
107.7673
52.2056
99.2792
100.1163
65.4682
65.4682
64.2961
118.3707
116.9172
107.7673
107.7430
56.6605
56.6605
100.1163
102.9258
60.7268
70.4480
116.9172
116.0061
107.7430
108.1025
57.4368
102.9258
104.9869
72.7823
116.0061
115.4087
108.1025
108.9076
48.3216
104.9869
105.2408
115.4087
114.9406
108.9076
109.7909
52.5306
52.5306
105.2408
103.2928
70.9839
114.9406
114.6821
109.7909
109.6933
54.2953
54.2953
103.2928
100.4222
70.9839
76.0336
61.2537
114.6821
114.1919
109.6933
108.1989
54.2179
54.2179
100.4222
97.6778
76.0336
77.3111
60.8860
64.4594
114.1919
112.3544
108.1989
107.3105
54.2179
54.2179
97.6778
96.4531
77.3111
76.2712
60.8860
56.2839
112.3544
109.4955
107.3105
107.9708
53.9523
53.9523
96.4531
96.7302
76.2712
74.4387
109.4955
107.9753
107.9708
108.5798
51.6178
96.7302
96.7349
74.4387
74.4387
76.6715
49.1165
107.9753
108.3445
108.5798
108.4975
50.4022
96.7349
95.7791
69.8544
64.7439
108.3445
108.7722
108.4975
108.2885
95.7791
93.9569
108.7722
108.7560
108.2885
108.4384
48.9157
93.9569
77.5315
108.7560
109.0355
108.4384
108.6443
91.9996
91.8504
109.0355
109.5294
108.6443
108.2974
45.8889
91.8504
93.5383
109.5294
109.9363
108.2974
107.2447
51.5673
93.5383
94.6541
64.9253
109.9363
110.2764
107.2447
105.9489
53.6707
53.6707
94.6541
94.6127
71.3506
71.3506
110.2764
110.3769
105.9489
105.1182
53.6707
51.6587
94.6127
94.7223
72.8349
71.3506
110.3769
110.5868
105.1182
51.6587
48.4601
94.7223
95.4647
55.7877
52.7899
74.5863
72.8349
110.5868
112.2816
105.3209
105.6015
48.4601
45.4750
72.3781
72.3781
41.9721
95.4647
96.1761
53.8045
74.7972
74.5863
114.0997
114.0997
105.6015
105.1827
45.4750
44.2023
73.3225
73.3225
41.2964
96.1761
96.5142
55.7350
72.5807
74.7972
114.4890
114.4890
105.1827
105.1827
44.2023
44.1527
73.3225
73.3225
41.1130
52.5529
96.5142
56.4802
72.5046
72.7289
114.4890
114.4890
100.5748
100.5748
61.5368
44.1527
70.8835
41.1130
52.5529
96.4651
96.5692
73.8696
72.5046
114.4932
114.3290
94.0322
94.0322
62.5000
44.1800
39.9379
96.5692
96.7245
73.0056
73.8696
114.3290
113.4150
92.8362
93.6794
62.5000
42.8982
96.7245
96.1590
71.1813
73.0056
113.4150
111.3744
93.6794
92.9910
61.0875
50.4481
55.0799
96.1590
95.0193
66.9300
67.8337
111.3744
109.3148
92.9910
91.6565
53.9933
55.0799
95.0193
94.4330
64.1891
66.9300
73.8191
73.8191
109.3148
108.9361
91.6565
90.4425
54.3426
54.5350
94.4330
93.2796
64.9729
74.3234
74.3234
108.9361
110.0614
90.4425
90.4425
54.4692
93.2796
90.3919
56.7093
65.1554
62.4964
74.3234
74.3234
110.0614
111.1428
93.2874
91.0339
42.9977
90.3919
83.2853
65.1554
111.5521
111.1428
95.8882
93.2874
43.2398
55.9513
77.8601
62.6611
111.4265
111.5521
59.6690
97.7100
95.8882
43.4223
57.7566
55.9513
77.9949
51.1675
110.7445
111.4265
97.4049
97.7100
43.4223
58.8815
57.7566
77.9949
64.1614
109.7910
110.7445
59.2481
95.3704
97.4049
43.3650
58.3678
58.8815
79.4618
57.4658
58.0397
109.3271
109.7910
55.9174
93.3967
95.3704
54.7799
58.3678
81.6263
66.6089
58.9979
109.5932
109.3271
92.8972
93.3967
36.6427
39.7761
48.5340
66.0271
79.0922
66.6917
109.8298
109.5932
93.6667
92.8972
41.1565
52.6635
52.3359
55.2138
78.3463
64.3645
109.2772
109.8298
95.7271
93.6667
52.9517
52.6635
77.0053
59.5811
108.4996
108.4996
97.9045
95.7271
52.2303
52.9517
48.2196
77.4170
76.6328
57.0230
54.5000
107.9163
107.9163
97.2784
97.2784
48.7046
76.6328
75.4312
54.5000
106.2943
107.9163
92.9939
92.9939
51.3369
51.3369
75.4312
73.1477
57.3986
54.5000
104.1416
104.1416
84.3565
62.6196
51.3369
51.4455
73.1477
71.0596
50.2867
104.1416
103.3095
78.8037
84.3565
56.7976
51.4455
51.8389
71.0596
69.7340
81.4781
103.3095
103.6648
83.1806
78.8037
57.7800
51.8389
51.8389
69.7340
71.5478
81.9012
82.6069
103.6648
104.2391
89.9872
83.1806
59.4914
61.8708
37.0000
52.4240
71.5478
73.4401
81.9158
82.6069
104.2391
104.2749
92.0346
89.9872
61.8708
37.0000
52.7802
73.4401
75.0396
80.3781
82.6781
104.2749
104.0659
91.5718
92.0346
61.3536
72.9550
72.3139
58.6827
61.6593
62.3255
64.1428
65.8907
61.6321
55.9780
49.1961
48.2136
76.3604
75.9824
75.0050
51.1003
50.5620
50.1778
75.8076
76.0174
68.2215
68.1245
52.4711
51.7899
48.2457
48.2966
47.3827
43.6407
43.3635
45.4725
40.5283
46.9829
47.0000
75.0789
76.3677
68.7277
66.9382
84.4340
72.9550
72.3139
53.3189
52.9500
50.1778
49.1961
48.2136
47.8906
76.0540
75.1721
76.3604
67.9590
71.7776
69.0613
72.9160
73.7928
73.3607
65.0025
64.8796
64.2056
54.0291
51.7899
51.1003
50.5620
76.5728
76.5228
75.8076
68.5163
72.3475
73.9775
71.6124
73.7026
66.0032
53.9603
54.3027
52.9500
52.4711
78.0203
77.1317
75.1721
75.0789
73.7879
68.7164
53.6007
53.3189
77.9788
78.3619
76.0540
71.7570
72.1015
77.8213
74.8747
75.5065
70.1770
71.8797
57.0574
54.8562
54.3027
54.0291
78.0247
77.4818
77.1317
76.5728
76.5228
72.3475
81.3261
79.1667
78.2140
78.2975
73.5682
71.2138
52.6069
52.5794
54.2670
54.2670
56.0892
57.6002
58.8337
57.5300
55.7877
58.1559
53.5727
53.9603
78.9327
78.3619
78.0203
71.9600
82.3513
81.0354
78.8591
81.6151
79.3659
79.3659
75.3966
72.8089
75.1014
78.9752
78.9752
70.7498
66.6725
57.8807
57.8807
56.1159
55.8188
55.2911
53.5720
52.0388
51.5292
52.1030
52.0464
55.2684
58.2761
77.4818
77.9788
73.0907
77.8213
80.8184
86.3343
86.2074
84.8216
83.4429
79.5854
79.9792
64.1106
59.6693
59.5727
87.4276
86.8895
79.8302
63.2955
62.6406
61.7989
56.0892
57.6002
57.6002
58.8337
57.5300
55.8188
58.2761
58.1559
43.7197
43.7197
42.8904
42.1387
42.8670
87.7751
75.6464
78.9752
79.5854
79.3401
79.3708
79.1825
55.2911
53.5720
52.0388
79.5443
45.9870
43.9873
43.5783
43.8632
68.4989
87.4144
88.0422
74.9659
74.1271
73.3274
73.5682
74.8747
77.1099
78.4110
87.4689
89.2373
79.9792
79.8302
78.8298
76.4444
75.0611
77.3349
78.7365
79.7396
50.3094
49.6956
49.5599
49.5167
48.3223
86.3881
78.3346
76.8492
78.8591
90.0859
79.4690
80.5733
80.0616
51.0411
51.0023
50.8543
43.8632
43.7197
42.8904
42.1387
42.4417
84.2574
84.3352
85.4241
91.0551
91.3052
79.3708
78.8298
78.7365
79.1825
81.3452
79.5443
53.3415
51.8190
51.3500
48.3223
45.9870
43.9873
43.5783
67.3880
68.4989
106.6383
106.6383
91.9606
76.4444
74.2064
75.0611
75.0611
77.3349
51.5261
51.9202
51.9202
82.2758
56.7077
55.4829
50.8543
50.3094
49.6956
49.5599
49.5167
68.8387
106.6336
106.9579
106.6564
91.0782
89.5220
83.0544
80.5733
59.5116
58.4157
57.4146
51.3500
51.0411
51.0023
105.0587
99.1691
96.5197
85.4070
83.3708
81.3452
61.4699
59.9832
55.4829
53.3415
51.8190
103.5449
86.5988
82.9448
83.1171
82.2758
63.9156
63.7637
64.1163
63.8980
57.4146
56.7077
89.9622
89.9622
90.2863
87.7206
106.6564
106.6383
106.4465
106.2226
106.3504
93.0678
101.0199
103.6821
97.8505
97.8836
99.0144
99.9615
58.6287
58.5634
58.6199
84.4155
83.0544
63.5252
63.6365
59.8198
59.5116
58.4157
97.1073
95.4676
92.4296
90.2951
88.5914
78.4666
85.6110
90.9989
98.6659
105.0587
106.6336
106.9579
106.4693
106.5900
110.3180
107.8515
104.8507
104.6194
104.4269
102.8984
98.8371
98.8371
98.4344
97.6320
97.4284
97.2450
96.9568
100.9264
100.3128
99.7940
99.5093
99.4773
86.1235
83.1171
83.3708
62.2050
63.1492
63.8980
61.4699
96.6425
76.1050
80.7958
96.6601
99.6028
101.2960
104.4942
106.2075
111.3199
110.8814
99.4521
99.3316
99.2093
57.3643
57.1149
82.9448
62.2173
61.6266
63.6365
63.9156
63.7637
104.7623
94.8361
94.0904
98.9214
98.5631
97.6722
58.5634
58.5634
58.6199
55.7212
53.4947
52.2775
53.8265
63.4891
63.0681
63.1492
63.5252
49.2260
49.2178
89.9622
90.2863
96.9914
96.5825
97.1544
57.4589
55.7735
54.7137
52.9777
64.1461
63.9097
61.6266
62.2050
49.2260
92.4296
90.2951
103.6821
104.6194
104.4269
97.8548
98.6653
99.0599
57.3643
57.1149
55.7212
57.3998
57.3998
55.7501
48.5639
69.2213
67.5508
65.3158
63.8872
63.7883
64.7498
65.4519
63.0681
62.2173
97.1073
95.4676
82.7184
93.3098
94.4312
96.6601
107.2147
111.3199
102.8984
100.4002
99.1987
99.0870
98.9057
53.4947
55.0000
55.0000
55.0000
55.0000
57.4430
57.4337
69.2242
68.5195
68.7891
69.4511
63.9097
63.4891
85.1113
83.2835
81.8764
80.1360
106.3601
110.8814
82.1203
89.3818
98.8371
98.8371
98.4344
97.6320
97.1693
97.4284
97.2450
96.9568
99.4378
100.4484
100.9264
98.7986
97.7931
96.6034
96.6193
70.3841
70.2029
65.4519
64.7786
64.1461
48.0193
49.2260
49.2260
49.2178
95.3979
95.6807
86.9670
86.4559
81.5309
91.2481
100.3128
99.7582
99.5723
99.5347
96.7264
97.3332
97.7502
67.9730
69.4442
69.4511
69.2213
67.5508
65.3158
63.8872
63.7883
81.8632
81.8632
80.9101
80.7899
82.1203
90.6125
95.0198
96.0388
99.4521
99.3984
98.2230
98.6500
53.7970
57.4430
57.4337
57.4337
57.3998
55.7501
68.7594
66.8907
67.0436
70.2029
69.2242
68.5195
68.7891
104.1836
90.8037
96.2637
96.4764
99.2652
98.9214
98.2388
97.6722
99.0107
98.8229
98.4733
53.6028
66.3998
68.5723
68.7250
68.3971
58.2215
50.1918
67.6958
69.4442
70.3841
81.9492
86.9567
86.9670
104.4604
104.9253
90.1456
96.9914
96.7795
97.1544
97.8548
98.3926
98.8945
99.7111
69.0150
67.0436
67.9730
81.8132
81.4666
80.7729
86.4559
103.0218
92.1086
95.0198
95.3788
98.6111
99.0599
99.1987
100.2563
100.2738
73.9077
71.7568
66.8907
47.4356
102.2840
101.6894
101.6894
101.1479
96.0388
96.2637
92.8126
90.6271
90.4099
99.0549
98.9057
98.7986
99.7675
99.5569
100.2467
75.4605
50.8025
96.4764
96.9962
92.0391
93.8043
94.6796
97.7931
96.7234
96.6193
96.7264
100.8279
100.6220
100.2640
75.8666
96.9887
95.0573
95.2366
94.5233
93.3811
97.3332
97.8175
98.2230
98.7017
100.5980
101.1429
101.0239
100.5378
100.4382
100.3558
68.5723
68.7250
68.7250
76.1176
95.3788
92.8126
90.6271
92.4972
91.0519
88.6634
99.0107
98.8229
99.5901
98.9136
99.6877
74.2466
90.4099
86.5336
86.1886
87.5680
98.4733
98.3926
100.7092
101.6255
51.4113
50.8025
50.8025
83.5260
92.0391
93.8043
89.2602
89.8521
99.1851
99.7111
102.3110
102.8264
54.7765
82.8802
94.6796
95.0573
95.0573
95.2366
93.3811
92.4972
89.1893
88.5189
99.9921
100.2522
99.8185
99.5569
100.2467
100.8279
102.7379
102.0740
101.5680
56.9558
55.7898
49.4131
91.0519
88.6634
86.5336
88.6994
89.3796
100.6220
100.2640
100.5980
101.1429
101.4746
66.1568
47.6395
49.4131
49.8340
49.6661
86.1886
87.5680
89.2602
90.2579
91.5361
101.0239
100.5378
100.4382
100.3558
101.7892
102.5677
90.9018
70.5092
67.9005
71.5489
71.9278
64.7231
89.8521
89.1893
93.0528
94.0903
99.6241
98.9136
99.4822
103.6233
104.5925
104.5515
58.0881
58.5186
58.5186
69.2945
69.9570
65.3170
67.1598
64.5492
65.8280
55.8449
55.7898
73.8064
65.5796
73.0208
72.2314
88.5189
88.6994
94.4851
100.7092
101.6255
57.6562
59.2576
59.9925
73.2608
73.4016
71.1556
57.7544
47.6395
49.4131
49.8340
59.0833
64.2480
89.3796
90.2579
94.7674
102.2403
102.8264
102.7379
70.3747
69.9570
70.5092
49.8340
49.6661
91.5361
93.0528
95.0982
95.7881
102.0740
101.5680
101.4746
65.4957
68.3316
71.1556
69.2945
58.7328
84.8422
86.3524
53.0633
52.9962
94.0903
101.7892
102.5677
109.2244
109.2285
65.4951
65.4951
73.2608
73.4016
71.6729
71.7336
73.6001
73.0694
72.9815
54.2823
51.0342
94.4851
94.7674
96.5917
103.6233
104.5925
108.9370
67.0165
68.3316
70.3747
77.0805
72.1899
72.7418
58.5533
58.5533
55.1465
54.7717
96.3864
104.6953
108.6927
67.0766
68.5823
96.1814
105.0946
109.2200
65.5000
67.7343
67.7880
52.6413
86.3524
86.3524
85.5521
72.9644
77.5433
78.8363
80.3989
76.5099
96.4964
95.8070
64.2329
106.3419
108.8162
109.5273
65.4975
65.4951
65.4951
70.3305
68.4064
66.8144
70.9698
72.9678
52.6522
52.8350
53.0776
72.8335
72.7520
79.6153
79.3527
77.9947
72.8951
72.7768
96.5917
96.3864
109.2244
109.5944
75.5888
73.0231
67.7343
48.1257
72.9678
71.2517
66.8807
50.9126
72.4760
82.5533
81.4284
80.1893
79.3955
96.1814
109.3294
109.6715
110.5159
76.8574
69.2449
48.8575
72.2390
82.7748
108.8632
112.1581
70.3305
72.0855
72.5981
77.1336
79.5608
79.6257
80.7402
81.7016
97.2717
108.6927
109.2200
113.8918
114.9067
75.5888
55.5830
57.5981
57.5981
57.7298
72.0462
72.0462
71.6063
73.3140
74.4106
76.1957
77.7390
77.1329
76.3067
75.6343
75.3914
75.1863
75.1776
75.7732
76.1479
76.1287
76.5168
72.8951
98.6369
109.5273
114.9491
114.6828
47.1638
48.8575
72.9678
72.9678
71.2517
66.8807
50.0411
51.8518
53.3036
57.7379
56.8866
99.9509
109.5944
114.8287
46.3911
56.6406
47.2790
101.9641
109.6715
110.5159
47.4020
47.3203
103.1866
112.1581
70.5925
72.0462
72.0462
71.6063
57.2892
65.2438
64.7281
62.3806
113.8918
114.9067
117.8364
52.3182
52.3161
53.3148
53.4947
58.7166
65.0119
114.9491
118.0621
118.3160
57.9022
56.8712
65.7952
56.8585
114.6828
114.8287
118.7145
54.9816
54.9816
54.9876
52.9955
53.1982
53.1982
52.4416
46.1708
46.5848
47.0702
57.1844
57.6222
57.8369
66.0816
66.8647
103.1866
105.9064
115.7656
119.3008
53.6443
54.5309
52.3292
47.3949
50.8914
54.2257
56.3542
103.4006
104.7012
106.2587
117.1127
119.6896
105.8060
106.4238
117.8364
118.0621
119.6618
106.0941
118.3160
119.0800
54.5309
54.9816
53.9917
61.3030
57.6222
57.8369
106.2587
105.2097
104.5361
118.7145
119.3008
57.1844
57.1844
106.4238
103.9439
119.6896
104.0014
103.0135
61.6324
61.8187
61.8187
56.3486
56.5363
56.5363
57.9960
57.2374
102.2467
104.3516
106.7056
57.8689
53.0415
51.7926
53.4347
108.3248
108.9871
53.2469
54.9815
103.9439
104.0014
102.2467
108.9933
108.6569
108.3493
61.8187
61.8525
57.2374
56.0000
55.4815
65.3791
104.3516
106.7056
108.3248
108.3204
108.6918
109.2769
111.4014
114.4113
116.0320
116.0320
116.4203
116.4124
109.4874
105.8466
108.7056
109.2855
108.4862
107.2670
105.4719
103.6640
103.6640
103.7820
105.4894
106.7801
54.4177
108.9871
108.9933
115.2267
112.8554
106.7947
106.2916
106.4821
107.3627
83.0803
82.6652
82.6104
82.6104
81.7109
80.4164
79.6740
79.8829
80.4615
80.6514
80.6240
80.6174
80.5388
56.8586
56.9810
108.6569
108.3493
108.3204
107.6951
107.0571
83.6034
84.8564
85.1871
84.3009
79.3945
77.8248
77.2655
77.6296
78.7049
79.5284
78.6467
75.6243
56.0105
65.3791
65.4918
108.6918
109.2769
109.6824
111.4014
114.4113
116.0320
109.4874
105.6222
108.7056
109.2855
107.2670
105.4719
103.6640
105.4894
106.7801
106.7947
106.3247
106.2630
106.9551
86.3010
83.5349
80.5342
80.5342
78.4230
77.9572
82.3416
82.8940
82.8295
72.0431
70.0059
70.1239
71.1274
72.0415
63.4944
65.1044
116.4203
116.4203
116.4124
115.2267
112.8554
108.4862
108.4862
106.2916
106.4821
107.3627
107.7848
83.7549
84.8876
86.3426
84.3009
83.0803
82.6652
81.7109
80.4164
79.6740
79.6740
79.8829
80.6514
80.6240
80.6174
80.5388
80.5388
73.0574
74.4216
62.0046
107.6951
107.0571
106.3247
109.8348
110.8981
82.3001
81.5659
82.5890
82.8295
83.6034
84.8564
85.1871
77.8248
77.2655
77.6296
78.7049
79.5284
78.6467
75.6243
72.0431
69.0969
74.3037
106.2630
106.9551
111.7678
111.9890
78.8637
80.5745
83.6071
83.9947
86.3010
83.5349
80.5342
78.4230
77.9572
80.1245
82.3416
82.8940
70.0059
70.1239
71.1274
71.1274
72.0415
92.1601
77.5601
107.7848
109.2371
111.6568
87.7138
83.6499
83.7100
84.4409
82.5890
83.7549
84.8876
86.3426
75.2305
96.2738
63.9112
110.8981
111.7678
111.5250
111.6690
94.9071
92.5256
92.5256
83.9947
82.3001
81.5659
111.9890
111.3458
93.3530
94.9997
84.4409
81.7576
78.8637
80.5745
83.6071
56.9015
61.1520
60.9362
111.6568
111.5250
111.2146
91.1644
87.7138
84.7547
83.6499
83.7100
59.2279
80.0967
111.6690
112.4809
114.3567
79.5741
90.3970
94.9997
94.9071
92.5256
59.0762
80.7739
82.6134
111.3458
110.8150
115.3181
125.4483
123.9421
117.5067
91.9762
93.3530
112.4809
114.9903
80.0967
114.3567
114.1690
80.7739
82.6134
115.3181
113.6552
113.5845
63.1882
114.9903
63.3762
65.2343
83.1744
114.1690
113.6552
67.6648
77.8200
70.6968
73.4921
72.2202
74.2738
57.0472
77.8146
76.5845
70.2247
77.1428
76.3221
76.5845
77.4562
77.8146
99.8099
103.6455
103.6455
102.8382
123.4942
103.6866
103.5200
104.2312
104.2312
104.0081
102.6198
100.3787
99.1917
96.6985
96.6985
94.0262
94.0741
97.5000
100.7363
103.1728
101.0585
97.8436
95.7673
95.7673
97.0295
102.7460
102.1187
101.3100
100.3518
97.7497
95.1237
95.0040
96.4416
62.2793
121.3290
120.5900
104.9407
104.8494
105.2323
104.7192
104.2084
101.3348
100.8429
101.5973
102.5150
97.3375
98.4016
76.5264
74.6062
78.8181
65.8880
65.8880
99.8099
103.0529
104.8483
102.8382
102.7460
99.8985
100.4324
60.9810
65.1211
65.3214
66.6575
69.5532
56.6376
104.9407
103.6866
103.5200
104.0081
102.6198
100.3787
99.1917
99.1917
98.6447
96.6985
94.0262
97.5000
100.7363
103.1728
104.8494
102.5150
101.0585
97.8436
95.7673
97.0295
102.1187
101.3100
101.3100
100.3518
95.1237
95.0040
96.4416
97.3985
100.0086
98.6513
97.0325
95.4774
94.3706
94.6179
96.0699
63.3740
73.3634
73.3975
77.1639
68.9522
62.3528
59.0233
58.0000
58.0000
105.2323
104.7192
104.2084
102.9018
102.9018
101.3348
100.8429
101.5973
98.4016
97.3383
95.7655
95.7655
95.6067
90.3784
65.3727
72.9348
72.7617
76.8904
99.8985
100.4324
100.0086
83.1313
98.6513
97.0325
95.4774
94.3706
94.6179
96.0699
97.3383
97.7401
79.5649
78.6683
68.3860
95.6067
54.4313
95.7655
54.4313
46.3707
51.2220
95.8128
95.7682
72.5000
71.9466
64.5484
66.9230
64.1464
72.7617
72.4449
67.3058
74.0515
71.2900
46.2503
46.1576
65.3690
64.7682
68.4812
68.1293
67.7783
52.1059
49.7378
48.4409
68.0030
66.9230
66.3168
49.1323
49.9840
78.5826
102.7584
47.3040
74.5704
103.1600
54.9905
65.3690
64.7682
64.7682
98.3225
66.4206
64.3529
62.7203
90.0684
62.3751
71.4920
73.5943
73.9831
75.5310
62.5715
103.1600
61.7789
98.3225
67.1494
67.1494
59.5763
90.3469
67.9717
64.3770
63.4137
63.4137
68.3455
63.6466
62.5207
64.1654
100.4688
57.8419
57.1929
65.4255
65.3088
99.7136
57.1201
60.9293
60.9293
59.8900
64.3770
64.3770
64.7572
102.9853
106.9541
56.7898
68.3455
63.6466
57.2883
58.4422
64.1654
57.8419
57.1929
57.1201
67.1494
67.9717
67.9717
68.1524
77.8957
78.7936
78.7936
100.4688
57.0591
61.0745
60.9293
60.9293
59.8900
44.5000
76.9478
76.9478
67.8079
75.0984
74.9928
75.9852
75.9852
102.9853
58.1126
55.3556
56.3558
69.1683
67.9395
65.5025
63.4791
61.1571
55.4146
78.7936
78.7067
79.2309
79.2309
76.4691
73.2191
70.7537
70.8294
72.3262
61.5910
63.0017
54.2512
78.7936
69.3460
69.3460
72.1503
74.5811
93.2122
80.5542
65.5025
65.2364
71.4456
64.2252
63.1897
48.4363
48.5489
61.2931
62.7133
62.7133
76.6567
54.2512
69.6614
64.4097
92.7185
92.7185
69.1683
67.9395
61.1571
62.7074
62.4763
76.6206
76.9478
76.9478
85.5327
87.4722
79.2309
76.4691
70.7611
70.8294
70.8294
61.5910
63.0017
64.2252
65.1280
67.4875
69.3460
72.1503
72.1503
74.5811
72.7018
75.9866
87.0606
80.5542
63.1897
59.7660
69.6614
65.6725
58.3473
60.7745
67.7782
69.0147
70.0694
71.5497
76.5579
75.9989
86.9632
89.1740
92.7185
93.2122
54.4024
61.0056
64.4410
64.4097
63.2465
63.1099
73.2750
73.5014
71.9011
70.5368
73.8861
75.7065
75.4855
76.2684
79.9376
85.5327
87.4722
61.2931
62.7133
62.7133
62.7074
62.4763
59.7287
72.3320
75.9989
61.1313
69.0147
70.0694
71.5497
73.2750
76.5579
57.6485
55.7604
55.7604
73.5014
71.9011
70.5368
71.0048
72.3320
73.8861
75.7065
70.4480
57.0706
71.0048
72.7823
56.4087
57.9460
54.2524
53.1090
67.0487
67.0487
72.6728
71.5441
51.1411
57.0706
57.6485
57.6485
55.7604
68.5082
69.9714
68.8457
72.7823
57.7492
55.3409
50.8088
53.0373
56.3606
57.4832
72.7540
76.4546
72.7931
73.7760
72.0160
71.5441
72.6728
57.9460
77.3449
73.7981
70.0057
54.3630
81.2718
79.4017
53.0373
56.3606
56.4773
80.8372
82.2349
73.7981
72.7931
73.7760
57.4832
54.3630
60.8824
60.8824
61.0690
78.4735
79.4017
77.3449
54.2863
54.2571
54.2571
50.9294
53.7809
75.3367
77.1162
82.2349
81.2718
53.4447
76.3496
76.2046
77.9284
77.5414
78.4735
80.8372
52.1430
76.6172
73.2823
71.6635
73.3194
72.8375
71.1158
70.6537
73.9112
76.7568
77.3737
77.3212
50.4022
70.8847
73.9491
76.8316
77.7089
75.7512
73.7105
73.6562
74.2721
75.6405
78.0935
78.8301
47.9498
49.9439
69.1764
69.5094
67.5336
67.1499
68.4011
76.3496
76.2046
77.3737
77.9284
77.5414
46.3998
58.6374
60.5706
65.4086
76.6172
73.2823
71.6635
72.4393
73.3194
72.8375
71.1158
70.6537
73.9112
40.0025
45.8889
53.6881
53.6881
42.6389
42.5628
58.3908
58.3410
68.4011
68.7537
73.9491
76.8316
77.7089
75.7512
73.7105
78.0935
78.8301
45.8889
43.3733
44.1768
39.6607
40.3468
52.7770
53.0962
53.5298
54.9017
57.5183
69.1764
69.5094
69.5094
67.5336
67.1499
73.6562
74.2721
74.2721
75.6405
44.3659
56.7978
55.7411
53.9469
58.3410
58.6374
60.5706
105.6015
101.1875
69.8056
74.7064
74.7064
77.8625
73.2779
72.4177
72.4177
68.3250
55.2037
55.2974
54.7825
50.6898
57.5183
58.3908
77.3820
71.9348
50.5961
53.3613
52.7770
70.7426
68.3480
44.1768
44.3659
40.8533
50.9783
52.4929
56.7978
55.7411
53.9469
70.7480
69.8056
74.7064
77.8625
77.3820
67.0005
68.2073
69.2093
69.3134
67.7205
64.4897
62.6842
62.7449
62.6683
60.7032
62.5000
41.9646
43.3733
54.0849
52.7806
55.2037
55.2974
54.7825
52.3383
69.0598
70.7426
62.4774
42.5000
69.8343
73.2779
73.2779
72.4177
41.3277
52.4929
53.3613
68.3480
67.0005
37.6387
41.3146
47.2350
50.9783
52.4929
68.2073
69.2093
69.3134
69.3134
67.7205
64.4897
62.7449
62.7449
62.6683
61.5942
43.0656
43.9929
43.9929
44.2243
42.3669
39.2571
37.2197
37.3432
38.2630
54.5350
54.2756
52.8009
54.1528
54.5350
73.1785
74.2794
74.1753
74.1753
62.5000
62.4774
63.8646
64.8985
64.8985
65.1506
62.9021
61.5087
63.5845
67.1914
54.2756
56.8377
62.7148
56.3665
53.3651
54.1528
54.1528
54.5350
51.5301
55.2440
63.7661
73.1785
74.2794
74.2794
74.1753
70.3757
59.0547
61.8711
56.3298
93.2796
87.8136
58.5050
59.3875
61.5087
63.8646
64.8985
65.1506
65.1506
60.7005
81.4233
59.0547
59.2481
81.6263
51.5301
61.8711
62.3185
42.7476
43.2349
81.2657
79.8789
66.6089
43.4233
79.0922
56.9029
41.1671
56.7109
81.6263
81.2657
65.7714
61.2550
58.3914
58.4523
58.4523
58.1770
79.8789
66.6089
52.5504
52.3832
38.0877
66.7115
39.1894
38.3851
65.6492
42.3966
43.8614
41.7340
41.1524
38.6822
38.4009
51.7664
52.9517
57.3986
60.8459
36.2432
37.2052
45.7756
57.0230
57.3045
75.6293
80.2208
81.1208
81.1208
81.9446
82.1536
77.1224
82.6913
57.3315
57.3315
57.3986
62.0190
