0.8117
-0.9587
-0.8520
0.9999
-0.9775
0.8407
-0.9881
-0.9438
0.9227
0.9820
0.8326
-0.9426
-0.9689
0.7473
-0.6818
0.9742
0.8954
-0.8393
0.9687
0.9551
-0.8176
0.6996
-0.9318
-0.9968
0.9641
0.9444
-0.7889
-0.8881
0.7597
-0.8359
-0.8666
0.9542
-0.8007
-0.7839
-0.7897
0.9283
-0.9035
0.9140
-0.9944
-0.8122
0.7900
-0.9662
0.7264
-0.8255
-0.9044
-0.9739
-0.8341
-0.8161
0.7418
-0.8223
-0.6459
0.7448
-0.9841
-0.6621
-0.6603
0.8189
-0.6771
0.7937
-0.9558
0.7738
-0.7630
0.9799
-0.8854
0.7682
-0.9503
-0.8002
-0.7767
0.8511
0.9307
-0.8413
0.7747
-0.7720
-0.9276
-0.7563
0.9824
-0.8276
-0.7874
0.7490
-0.6692
-0.9432
-0.7196
0.9244
0.9998
-0.9479
0.9034
0.9614
-0.9983
0.9572
-0.6828
0.9137
-0.9861
-0.9013
0.8618
0.8643
-0.9940
0.9945
-1.0000
-0.9873
0.9963
-0.9612
-0.8864
0.9062
-0.8274
0.8419
-0.7638
0.7398
0.9972
0.7280
-0.9643
-0.7959
0.9634
-0.6913
0.9462
0.7910
-0.7129
-0.8256
0.9282
-0.7731
0.9192
0.6579
0.8317
-0.7716
0.9654
-0.6768
-0.8747
0.8474
0.8558
-0.8342
0.8936
0.8371
-0.7926
0.9754
-0.9457
-0.9909
0.8524
0.8238
-0.8379
0.9890
0.8193
-0.8040
-0.7782
0.9239
-0.8975
-0.8037
-0.9639
0.8171
-0.9777
-0.8241
0.8211
-0.8332
0.7702
-0.9979
-0.8627
-0.9451
-0.6296
0.9950
0.7623
-0.8121
0.8712
-0.8953
0.9921
-0.8096
0.9921
0.7008
-0.8987
0.9559
0.9568
-0.9486
-0.9160
0.9998
-0.7231
-0.9764
0.8777
-0.9977
-0.7271
0.9738
-0.9563
-0.9814
0.9999
-0.8289
-0.9242
0.9482
-0.9992
0.8066
-0.7049
0.9465
-0.9382
0.7903
-0.7472
0.8234
-0.9955
0.9993
-0.7953
0.6955
-0.7388
0.9890
-0.9995
-0.6326
0.9158
-0.9104
0.9802
-0.9709
-0.7377
0.9941
-0.9995
1.0000
-0.7948
0.9939
-1.0000
0.9278
-0.9271
0.9806
-0.9763
-0.6783
0.7944
0.7910
-0.9984
0.9943
0.9878
-0.9860
0.9415
-0.9348
0.8620
-0.8886
-0.6908
0.8781
-0.9970
0.7688
-0.9988
1.0000
0.9802
-0.9453
0.9356
-0.9374
0.6923
-0.7122
0.9981
-0.9820
0.8972
-0.9870
0.9988
0.9895
-0.9243
0.9098
-0.9560
-0.7588
0.9800
-0.8450
0.9917
-0.9293
0.9777
0.8966
-0.9769
0.8529
0.9839
-0.8304
0.9863
-0.9278
0.9144
-0.9909
0.7912
-0.9650
0.9574
0.9963
-0.8985
0.7920
0.9310
-0.9963
0.7929
-0.9793
-0.9848
0.9696
0.9999
-0.8989
0.9802
0.8946
-0.9957
-0.9263
-0.9845
-0.7564
0.9925
0.9827
-0.8741
0.9646
-0.9585
0.8326
-0.9847
-0.7596
0.9862
-0.8462
0.9834
0.9640
-0.8548
-0.6267
0.9823
-0.9712
-0.9953
0.7654
-0.9954
0.9628
-0.9461
-0.7606
0.9977
-0.9717
-0.9979
-0.5918
-0.9425
0.8949
0.9102
-0.9229
-0.8851
0.9933
-0.9874
-0.8986
0.9199
-0.9505
0.8034
0.8939
-0.8362
-0.8118
-0.9678
0.9698
-0.9967
-0.7788
0.8446
-0.9079
-0.8227
-0.6956
0.9689
-0.9984
-0.8487
0.7203
0.9725
-0.9969
0.7827
0.9945
-0.9997
-0.9995
0.9417
0.7470
-0.8553
0.8909
0.7312
-0.9283
0.9605
-0.9389
0.8016
-0.9345
0.8315
-0.6192
0.9408
0.7397
-0.7819
-0.9379
0.9544
-0.7550
0.9498
0.9998
0.9735
-0.8850
-0.7060
0.9924
-0.8170
0.9875
-0.7918
0.9598
-0.9995
-0.9546
0.6888
-0.9824
-0.7288
0.9796
-0.8279
-0.9220
1.0000
-0.9416
0.9318
-0.8862
-0.9603
0.9527
-0.9412
0.7098
-0.7239
-0.8320
0.7472
-0.7354
0.6924
-0.8571
0.9432
-0.9999
0.9079
-0.8211
-0.9550
0.9388
-0.9584
0.7756
0.9064
-0.9569
-0.7640
0.8921
0.8997
-0.9457
-0.9746
0.8447
-0.9968
0.7908
-0.9763
0.8044
-0.9108
0.8409
-0.8814
0.8752
0.9207
-0.9973
0.8702
-0.9322
0.7841
-0.9982
0.9826
-0.8603
-0.8787
0.9447
-0.9955
0.8631
0.9464
-0.9200
0.6537
-0.9419
0.7047
-0.9179
0.9141
-0.9050
0.7659
-0.7570
0.9931
-0.8096
0.9562
-0.8324
-0.9268
0.9703
-0.9611
0.9411
-0.9998
0.8813
0.9980
-0.9226
0.7474
0.9658
-0.7163
0.9672
-0.8547
0.8010
-0.8964
0.9954
-1.0000
0.9398
-0.8817
0.9522
0.8960
-0.9879
0.7459
-0.7259
0.9674
-0.8996
-0.9696
0.9897
-0.6426
-0.9099
0.7447
-0.7393
-0.8536
-0.7415
0.8150
0.7310
-0.7366
-0.8779
0.9972
-0.7940
0.9587
-0.8787
-0.9269
0.9444
-0.8061
0.9995
-0.7971
-0.9389
0.7370
-0.9031
0.8345
-0.8776
0.9990
-0.9988
-0.9959
-0.9442
0.9043
-0.8565
0.7953
1.0000
-0.8946
0.6699
-0.9943
-0.8448
0.8750
0.9922
-0.8442
0.8493
-0.9963
-0.7608
0.7956
-0.8769
0.9616
0.9475
-0.9652
0.8082
-0.9949
-0.8092
0.9994
-0.9488
0.9818
0.8874
0.7216
-0.9563
0.7695
-0.8374
0.9994
-0.7187
0.9784
0.8004
-0.8881
0.8674
-0.8301
0.9993
-0.9673
0.8635
0.9983
-0.9254
0.8520
0.8852
-0.8048
0.7473
0.9876
-1.0000
0.7857
0.9966
-0.8774
0.9359
0.8442
-0.7680
0.9063
0.9746
-0.9989
0.7439
-0.7519
0.9985
-0.8529
0.9957
0.7856
-0.7356
1.0000
0.9669
-0.9993
0.8627
-0.7100
0.8351
0.9642
-0.7986
0.9980
0.7665
-0.7303
0.9677
-0.9965
0.8009
0.9441
-0.7760
0.9936
-0.9134
0.7919
-0.7426
0.9664
-0.9977
0.8300
-0.6851
0.9441
-0.7886
0.9736
-0.9495
0.7850
-0.7689
0.9487
-0.9986
0.8922
0.8470
0.9626
-0.8749
0.9172
-0.8683
0.7661
-0.7929
0.9508
-0.9953
0.9729
0.8301
0.8624
-0.9692
0.8569
-0.8054
0.7442
-0.7966
-0.8247
0.9889
-0.9960
0.9740
0.8158
-0.9987
0.8257
-0.8063
0.7385
-0.7781
0.9995
-1.0000
0.8097
0.9931
-0.9835
0.7997
-0.8206
0.7684
-0.8395
0.7440
-0.7519
0.9976
-0.9995
0.9628
0.7853
-0.8617
0.8752
0.7618
-0.7382
0.9998
-0.9994
0.9350
-0.8902
0.8824
0.8035
-0.8349
0.7651
-0.7527
-0.9082
1.0000
-0.9914
0.8508
0.7941
-0.9002
0.8297
-0.9124
0.7528
-0.7832
-0.9823
-0.9647
0.8488
-0.9141
0.9122
0.7331
-0.7919
-0.9542
1.0000
0.8668
-0.9022
0.9675
-0.8604
0.7263
-0.7410
-0.9858
-0.7114
0.9966
0.8781
-0.8840
0.9459
0.7473
0.9892
-0.9788
-0.7639
0.9977
0.9136
-0.8920
0.9618
-0.7392
0.7891
-0.9061
0.9552
0.9018
-0.8905
0.9966
0.9707
-0.9451
0.7000
-0.8159
0.8485
-0.9335
-0.9997
0.9211
0.7981
-0.8844
0.9766
0.9986
-0.9874
-0.8713
0.8597
-0.9357
-0.9308
0.9156
-0.9522
0.7190
0.9971
0.9999
-0.9988
0.7311
-0.8402
-0.7268
0.8152
-0.8121
-0.9125
0.9942
-0.9984
0.9716
0.9994
-1.0000
0.7815
-0.7948
-0.9095
0.7692
-0.7866
-0.8898
0.9607
-0.9442
-0.8121
0.9999
-0.9998
0.7233
-0.9473
0.7562
-0.8141
-0.9132
0.9127
-0.8439
-0.8935
0.9982
-0.9969
-0.9736
0.7935
-0.9447
0.7573
-0.8123
-0.7465
-0.8897
0.8924
-0.8124
-0.8637
0.9984
-0.9857
0.8544
-0.9083
0.7604
-0.7775
-0.8038
0.9239
-0.8673
-0.9778
0.9489
-0.9759
0.8051
-0.8757
0.8875
-0.8973
0.7852
-0.7687
0.9673
-0.9239
0.9535
0.9817
-0.9616
0.8937
-0.9314
0.9126
-0.8956
0.7989
-0.7698
0.9787
-0.9913
0.9689
0.9843
-0.7659
0.9739
-0.9363
-0.8872
0.9638
-0.9551
0.9371
-0.8947
0.7941
-0.7174
0.9717
0.9702
0.7288
-0.7677
0.9846
-0.9298
-0.7840
0.9825
-0.9784
0.9552
-0.8993
0.7662
0.9705
0.6586
-0.8664
0.8203
-0.9555
-0.7610
0.9851
-0.9716
0.9622
-0.9022
0.7464
-0.9386
0.9997
-0.9865
0.9999
-0.8603
0.9437
-0.8872
0.7542
-0.9343
0.9999
-0.9991
-0.7049
0.9023
-0.8486
0.7806
-0.6865
0.9205
0.9052
-0.9415
0.9998
-0.9943
0.7171
0.9963
0.8948
-0.8442
0.8010
-0.8048
0.9330
-0.9619
0.9975
-0.9969
1.0000
0.9187
0.9746
0.8500
-0.7726
0.8937
-0.8681
0.8253
-0.9984
-0.6721
0.9612
0.9639
0.8343
-0.7218
0.9912
-0.9988
0.9572
0.9173
0.9809
-0.9517
0.9409
-0.9980
-0.8190
0.9127
-0.9014
0.8465
-0.9449
0.9852
0.9284
-0.8812
0.9886
-0.9992
0.8914
0.7360
0.9365
-0.9438
0.9703
-0.9990
0.9006
-0.9010
0.8824
-0.9063
0.9907
-0.9990
0.9416
-0.9874
1.0000
-0.9783
0.9942
-0.9914
0.9945
-0.9955
0.9210
0.9184
0.9430
-0.9958
0.8626
-0.8662
0.9133
-0.8965
0.9995
-0.9821
0.9365
-0.9364
0.9996
-0.9710
0.9785
-0.9983
1.0000
-0.9901
0.9683
-0.9777
0.7027
0.8847
0.8853
-0.8558
0.8073
-0.8394
0.9290
-0.8967
0.9999
-0.9818
-0.6722
0.9967
-0.9857
0.9090
-0.9227
0.9956
-0.9956
0.9280
0.8261
0.8750
0.7846
-0.7028
0.7817
-0.8327
0.9200
-0.8986
1.0000
0.9850
0.9581
-0.9997
0.7734
-0.8917
0.9918
-0.9986
0.7973
0.8579
0.7571
-0.8335
0.8986
-0.9038
0.9931
0.9053
0.9158
0.7564
-0.9599
0.9928
-0.9812
0.8700
-0.7225
0.7499
-0.7973
0.8730
-0.9071
0.9035
-0.9752
0.9978
-0.9760
0.7522
-0.7499
0.8645
-0.9185
0.8863
-0.9473
0.9997
-0.9957
0.7401
-0.7253
0.8721
-0.9260
0.7993
-0.9439
0.9917
-0.9946
0.6441
0.7282
0.9014
-0.9398
-0.8869
-0.8944
0.9661
-0.9787
0.8109
0.7264
0.9524
-0.9543
0.9490
-0.8681
0.9551
-0.8485
0.9528
-0.9735
-0.9924
0.8520
0.7372
0.9909
-0.9674
0.9994
-0.9744
0.8113
-0.8535
0.9572
-0.9798
-0.9407
0.7307
0.9705
-0.9810
0.9320
-0.9883
0.9298
-0.8926
0.9712
-0.9888
-0.8359
-0.9939
0.9997
-0.9863
0.9399
-0.9468
0.9448
-0.9121
0.9413
0.9900
-0.9930
0.6883
0.9921
-0.9779
0.9688
-0.9630
0.9652
-0.8620
0.9993
-0.9974
0.8093
0.9994
-0.9881
-0.7238
0.8654
-0.9304
0.9752
-0.8384
0.9621
-0.9998
0.6284
0.9990
-0.9719
-0.8052
0.8529
-0.8357
-0.9982
0.9956
-0.8872
0.8568
-0.9985
0.9547
-0.9539
0.9246
-0.7206
-0.9882
0.9995
-0.9926
0.7999
-0.9879
0.8481
-0.9132
0.9736
-0.7790
-0.8494
0.9999
-0.9723
0.9771
-0.9346
0.8762
0.9422
0.8051
-0.8688
0.9122
-0.8955
0.9805
-0.6388
-0.8939
0.9977
-0.9597
0.8863
0.8740
-0.8068
0.8524
0.8520
-0.8529
0.9093
-0.8711
0.9731
-0.9764
-0.8644
-0.9306
0.9994
-0.9529
0.8440
-0.9969
0.7792
-0.6979
0.8694
-0.8412
0.9037
-0.8872
0.9492
0.9391
-0.8622
0.9565
-0.9970
-0.9157
0.9300
0.7844
-0.9630
0.6810
-0.6580
0.9333
-0.8400
0.9370
-0.9531
0.9947
-0.8777
0.9953
-0.8716
0.9443
-0.9885
0.8294
-0.8955
0.8202
0.8476
-0.9643
1.0000
-0.9439
0.9569
-0.9857
0.9979
-0.8673
0.6744
0.9489
-0.8337
0.9420
-0.9640
0.8029
-0.8448
0.9280
0.9754
-0.9871
0.9954
0.9438
-0.9740
-0.9921
0.9919
-0.9407
0.9431
0.9861
-0.7142
0.9620
-0.9778
0.8099
-0.8221
0.9857
0.9973
-0.9921
0.9809
-0.7241
0.9608
0.9703
-0.9872
0.9709
0.9284
-0.7859
-0.7942
0.9936
-0.9921
0.8005
-0.8079
0.8167
0.9153
-0.9261
0.9670
-0.7033
0.9800
0.9699
-0.9844
0.9925
-0.8792
-0.9646
0.9972
-0.9980
0.8029
-0.8196
0.7522
-0.9155
0.9955
0.9761
-0.9803
0.9094
0.9353
-0.9919
0.9931
-0.9967
0.8045
-0.8471
0.8057
0.6740
-0.8919
0.9915
0.9839
-0.9751
0.8103
0.9298
-0.9970
0.9903
-0.9899
0.8351
-0.8772
0.9827
-0.8477
0.9130
0.9911
-0.9689
0.8388
0.9170
-0.9817
0.8624
-0.8883
0.9795
-0.9661
0.7943
0.9970
-0.9888
0.9998
-0.9896
0.8933
-0.9736
0.8832
-0.8751
0.8859
-0.6821
0.7603
0.9987
-0.9990
1.0000
-0.9867
0.9189
-0.9658
0.8671
-0.8651
0.9984
-0.9995
0.6650
0.9993
-0.9646
-0.8455
0.9615
-0.9568
0.8595
-0.8603
0.9914
-0.9993
0.6571
0.9819
-0.9668
0.7825
-0.8608
0.9622
-0.9557
0.8849
-0.8648
0.9584
-0.9983
0.9568
-0.9784
-0.8468
0.9465
-0.9318
0.9277
-0.8621
-0.9990
0.9462
-0.9905
0.9943
-0.9660
-0.7977
0.9272
-0.9131
0.9225
-0.8576
0.9998
-0.9195
0.9852
-0.9850
0.9417
-0.7456
0.9204
-0.9455
0.9212
-0.8693
-0.8507
0.9996
-0.9899
-0.6989
0.9252
-0.9728
0.9020
-0.8908
0.9812
0.9990
-0.9960
0.9418
-0.9851
0.8837
-0.8928
0.9311
-0.9984
0.9614
-0.9962
-0.6788
0.9612
-0.9937
0.8575
-0.8718
0.9311
-0.9998
0.8749
-0.9795
0.9528
-0.7367
-0.9078
0.9699
-0.9975
0.8487
-0.8490
0.9884
-0.9997
0.8488
-0.9339
0.8746
-0.8889
-0.9846
-0.6906
0.9732
-0.9938
0.8543
-0.8453
0.9338
-0.9466
0.8590
-0.8708
0.8394
-0.9750
-0.9011
-0.8997
0.9648
-0.9797
0.8592
-0.8610
0.7774
-0.8137
0.8724
-0.8479
0.8361
-0.9998
0.9655
-0.9571
0.8693
-0.8781
0.8394
0.8547
-0.8836
0.8746
-0.9932
0.6819
-0.9974
0.9627
-0.9532
0.8814
-0.8831
0.9610
0.8391
-0.9416
0.9983
-0.9086
0.9587
-0.9675
0.8791
-0.8746
0.8494
-0.9562
0.9659
-0.9786
0.8618
-0.8520
0.6639
0.8754
-0.7670
0.9761
-0.9820
0.8335
-0.8244
0.9088
-0.9000
0.9834
-0.9815
0.8157
-0.8098
-0.7959
0.9173
-0.8883
0.9855
-0.9858
0.8241
-0.8243
0.9886
0.9138
-0.8779
0.9966
0.9837
-0.9933
0.8308
-0.8310
0.9982
-0.7519
0.9419
-0.8713
0.9271
-0.9997
0.9819
-0.9942
0.8434
-0.7531
0.9831
-0.8156
0.9925
-0.8662
0.9191
-0.9923
0.9899
-0.9890
0.8569
0.8735
-0.8312
0.9972
-0.8823
0.7370
0.8852
0.9067
-0.9218
0.9992
-0.9844
0.8872
-0.7523
0.8164
-0.8335
0.7669
-0.9068
0.9707
0.9620
-0.9339
0.9934
0.8529
-0.8489
0.9979
-0.9885
0.9361
-0.9940
0.8519
-0.8597
0.9021
-0.9945
0.9672
0.8397
-0.9707
0.9237
0.8104
-0.8056
0.9986
-0.9954
0.9734
-0.8920
0.9324
-0.8881
0.9506
-0.8134
0.9815
0.8872
0.7821
0.9032
0.8042
-0.8201
0.9987
-0.9993
0.9926
-0.8842
-0.9794
0.9374
-0.7715
0.9899
0.8945
0.8124
-0.9009
0.8452
-0.8645
0.9844
-0.9995
0.9949
-0.9789
-0.9946
0.8473
0.9992
0.8460
-0.8799
0.8811
-0.9034
0.9724
-0.9938
0.9979
-0.9999
-0.9409
0.9612
0.8683
-0.9105
0.8944
-0.8975
0.9799
-0.9814
0.9981
-0.9985
-0.8809
0.7745
-0.8271
0.8726
-0.9275
0.8795
-0.8970
0.9857
-0.9582
0.9974
-0.9985
0.8577
-0.8936
0.9083
-0.9121
0.8022
-0.8354
0.7078
-0.9425
0.9893
-0.9285
0.9970
-0.9987
0.9933
-0.7824
0.9433
-0.8716
-0.7971
0.9619
-1.0000
0.9941
-0.9101
0.9992
-0.9998
0.8604
0.9551
-0.8458
0.8690
-0.9636
-0.8213
0.8183
-0.8503
0.9991
-0.9617
0.9991
-0.9888
-0.9209
0.9989
-0.8296
-0.9979
0.9991
-1.0000
0.9959
-0.9727
-0.9178
0.9545
-0.8314
-0.9827
0.9965
-0.9777
-0.6184
0.9930
-0.9690
-0.9726
0.7933
-0.8681
-0.7714
-0.6637
0.9982
-0.9604
0.9884
-0.9765
-0.9994
0.8301
-0.8645
0.7837
0.8485
0.9998
-0.9773
-0.8738
0.9746
-0.9867
-0.9872
0.9071
-0.8683
0.8278
0.9995
-0.9062
0.9998
-0.9865
-0.8019
0.9366
-0.9800
0.9406
-0.7880
0.7370
0.9965
-0.7949
0.9991
-0.9870
0.8994
-0.9730
0.7673
-0.7658
0.9366
0.8149
-0.7340
0.9156
0.9987
-0.9938
0.9212
-0.9696
-0.6679
0.8130
-0.7710
0.9829
-0.7817
0.9187
0.9996
-0.9994
0.9844
-0.9877
0.8045
-0.7835
-0.7915
0.8649
0.9998
-1.0000
0.9946
-0.9999
0.8625
-0.7168
-0.9894
0.8092
-0.8029
0.7633
0.9999
0.9981
-0.9998
0.9900
-0.9841
-0.9979
0.8121
-0.8301
0.9940
0.9849
-0.9992
0.9922
-0.9999
0.9986
-0.9969
0.8042
-0.8596
0.7208
1.0000
0.9555
-0.9999
0.9979
-0.9910
0.9629
-0.9951
0.8129
-0.8393
0.9223
0.9623
-0.9993
0.9997
-0.7932
-0.9878
0.8948
-0.9993
0.8067
-0.7877
0.8339
0.9989
-0.9968
0.9974
-0.8557
-0.8911
0.8891
-0.9861
0.8178
-0.8170
0.8123
-0.7467
0.9327
-0.9926
0.9761
-0.9133
0.8946
-0.7681
0.9627
-0.9955
0.8614
-0.8475
0.9312
-0.9974
0.9235
-0.9817
0.9637
-0.9798
0.8225
0.8827
0.9942
0.9762
-0.8169
0.8224
-0.9999
0.9691
-0.9479
0.9632
-0.9877
0.8119
0.6237
0.4762
0.2194
-0.1685
-0.2684
-0.1758
-0.0684
-0.1051
-0.2411
0.4062
0.3256
0.6574
-0.5915
-0.6473
0.2529
0.3220
0.3693
0.6569
-0.5843
-0.6474
-0.5535
0.2771
0.2130
-0.1972
-0.1603
-0.2218
-0.3009
-0.3406
-0.1658
0.0331
0.1413
0.2196
0.6240
-0.6175
-0.4760
-0.2694
-0.6623
-0.5746
-0.7266
0.3926
0.3112
-0.4112
-0.4132
-0.3831
-0.3041
0.4803
0.5529
-0.6459
-0.1975
-0.3551
-0.5147
0.5382
0.6977
-0.6116
-0.6244
-0.4896
-0.2200
0.4993
-0.4936
-0.4694
-0.4407
0.3794
0.4079
-0.6518
-0.5457
-0.2018
-0.1940
0.0856
-0.6505
-0.0672
0.4220
0.4842
-0.5517
-0.5120
0.4188
0.3795
-0.5978
-0.6354
-0.6441
-0.3197
0.4477
-0.5970
0.4739
0.4607
-0.5250
0.4879
-0.1411
0.5411
0.4874
0.3502
-0.4374
-0.4727
0.5832
0.5049
-0.5405
-0.5943
0.5712
0.4751
-0.4456
-0.4348
-0.4670
0.5494
-0.6863
-0.7901
0.1221
-0.2528
0.3172
-0.5945
0.1619
0.1257
0.0264
-0.0403
-0.0116
0.0007
-0.1744
-0.2626
-0.2551
0.5839
-0.5878
-0.5219
0.4579
-0.4749
-0.4550
0.4593
0.3785
0.3220
-0.2324
-0.0142
0.0388
-0.0517
-0.1503
-0.0462
0.0743
0.0453
-0.1288
-0.7336
-0.8337
-0.1412
-0.1349
-0.0666
-0.2478
-0.2231
-0.2385
-0.1986
-0.0223
0.2239
0.4223
0.4388
0.5023
-0.6390
-0.5275
0.5061
0.5991
0.7057
0.0657
-0.0375
0.0593
0.2812
-0.3895
-0.5634
-0.6595
0.3048
0.0367
0.5746
0.3904
-0.5910
-0.4140
0.0045
0.3199
0.0371
0.0548
-0.0432
-0.0477
0.0526
0.1198
-0.4270
-0.6115
0.0900
-0.2138
-0.2790
-0.1120
0.0710
0.6051
0.1379
0.2046
0.3549
-0.5627
-0.5015
0.5961
0.2109
0.2189
0.2265
0.7254
0.2445
0.4795
0.5712
0.4540
-0.0267
0.6290
0.6072
-0.5795
-0.3754
-0.1536
-0.1694
-0.1899
0.4942
0.6762
-0.4312
-0.6636
0.5079
0.5607
-0.3714
-0.1690
0.0248
0.3499
0.5533
0.6772
0.2354
0.1810
0.1102
0.0582
0.0904
0.6265
-0.7083
-0.6365
0.7259
-0.6750
0.5038
0.5819
0.6304
0.3802
0.3659
0.3039
-0.2614
-0.2835
-0.2490
-0.1461
-0.0901
-0.6239
-0.0532
0.4900
-0.6990
-0.6429
0.4020
0.3439
-0.4344
-0.6164
0.5563
-0.7323
0.2894
0.2519
0.3262
-0.2423
-0.2350
-0.1876
-0.2175
0.6812
0.6418
-0.0303
-0.7827
-0.6375
0.3118
0.2166
0.1401
0.0093
-0.2205
0.1695
0.2218
-0.0600
0.5690
0.3686
0.3112
-0.3331
-0.2542
-0.1966
-0.2130
-0.2392
0.7008
0.4681
0.4171
0.2305
-0.6344
-0.6069
0.5910
-0.6158
0.3547
0.3934
0.3833
-0.2753
-0.3535
-0.3840
0.3764
0.5214
0.4550
-0.5171
0.5995
-0.6187
0.2579
0.2949
-0.3984
-0.3071
-0.2682
0.4921
-0.1000
0.5970
0.5944
-0.6626
0.2575
0.2548
0.2613
0.2540
-0.4822
-0.4517
0.0922
-0.0525
-0.3224
0.1341
0.4382
0.3225
0.2384
0.2313
0.3811
-0.0639
-0.1164
-0.2115
0.1523
0.0398
-0.1126
-0.2055
-0.4561
-0.2614
-0.3334
0.6307
-0.6706
0.3315
0.3266
-0.4921
-0.5056
-0.4691
0.1246
-0.0438
0.0395
0.1033
-0.5563
-0.5894
-0.4821
0.4203
0.3918
0.2209
0.2911
0.4208
0.5245
0.4100
-0.1897
0.1239
0.3970
-0.1968
-0.1395
-0.0588
-0.0102
-0.0286
-0.0808
-0.0779
0.0183
0.1501
0.2035
-0.2392
-0.2393
-0.2636
-0.3072
-0.3550
0.6918
-0.6317
-0.6474
0.2623
0.2815
-0.2830
-0.4556
0.2388
-0.0153
0.7269
-0.4961
-0.1162
-0.0799
0.0859
0.3983
-0.1549
-0.1465
-0.3975
-0.3975
-0.3736
-0.4646
-0.5321
-0.6544
0.4923
0.3545
-0.2911
-0.2228
-0.1974
-0.4998
0.2643
0.7059
-0.3377
-0.3152
-0.3348
0.1301
-0.0186
-0.0075
-0.5317
-0.4963
-0.3410
-0.2840
0.5165
0.5237
-0.4464
-0.3957
-0.1782
-0.5055
-0.3778
-0.2104
-0.3370
-0.3129
-0.2523
0.2978
-0.3014
-0.3872
-0.4419
0.3383
0.4410
-0.4367
-0.4653
0.4206
-0.5902
-0.5440
0.3485
0.3530
0.3431
-0.2118
-0.2216
-0.2765
0.3388
0.3228
0.2858
0.1893
-0.1685
-0.4962
-0.6310
0.0880
0.1509
0.2460
0.3275
0.2489
0.0945
0.0754
-0.4723
-0.4341
-0.6963
-0.6712
0.5912
0.6701
0.4262
0.6374
-0.3544
-0.1740
0.3871
0.3571
-0.3269
-0.3499
-0.3587
0.2197
0.1885
0.0864
-0.2877
-0.4207
0.3724
0.3991
0.2449
0.2066
0.1527
0.0872
-0.4698
-0.4899
0.3931
0.4407
-0.1553
0.5717
-0.6423
-0.4588
0.1193
-0.1202
0.0903
-0.1323
-0.1525
-0.1849
-0.1633
-0.1803
-0.1692
-0.0219
0.1702
0.2284
0.1272
-0.3506
-0.3047
-0.2371
-0.2298
0.3066
0.2647
-0.1733
-0.2578
-0.3653
0.1608
0.2692
-0.1003
-0.4071
-0.7014
-0.5378
0.2417
0.3319
-0.6180
-0.2707
0.0086
-0.0681
-0.0606
0.0118
-0.2835
-0.3256
-0.3562
0.4806
0.3901
-0.1306
-0.1146
-0.1267
-0.1593
-0.1840
-0.1844
0.0182
-0.5702
-0.4987
-0.7225
0.2457
0.5013
-0.2045
-0.1962
0.1060
0.2249
-0.3916
-0.4199
0.4151
0.3011
0.0558
-0.2869
-0.5010
-0.3333
-0.4221
0.5334
0.5416
-0.4288
-0.3691
-0.2736
-0.1889
0.6407
0.5421
-0.3856
-0.6178
0.1916
0.1471
0.1154
0.1285
-0.4114
-0.3505
-0.2732
0.5202
0.4318
0.4105
-0.0506
-0.6951
-0.7559
-0.4765
0.5064
-0.3808
-0.4303
0.0306
0.4840
0.4694
0.6309
0.6654
0.5519
0.1772
0.2135
0.2517
0.2852
-0.2566
-0.3161
-0.3719
0.4727
-0.4122
-0.3512
-0.7723
-0.3302
-0.1472
-0.4351
0.5656
0.6492
0.6737
-0.6094
0.3286
0.3734
0.3921
-0.4007
-0.3932
0.4787
0.4494
-0.5445
0.0708
0.2915
-0.1105
-0.3196
-0.5985
0.6470
0.5521
-0.5266
-0.3839
-0.2588
0.3664
0.3032
0.2641
-0.3659
-0.3362
-0.3032
0.5227
0.4875
0.5348
0.5245
-0.3017
-0.3930
-0.4910
0.2288
0.2105
0.1363
0.0907
-0.2643
-0.2522
-0.2282
0.5530
0.4217
-0.4719
-0.4490
-0.3562
-0.3662
0.1366
0.2012
0.2990
0.3402
-0.1704
-0.1267
-0.1380
-0.1934
-0.2512
-0.2791
0.5437
0.1261
-0.4269
0.5812
0.2301
0.0552
0.1725
-0.4390
-0.4933
-0.5128
0.3556
0.3728
-0.2834
-0.2906
-0.3009
0.6404
0.4255
-0.4143
-0.3141
-0.2605
0.4918
0.6194
-0.3377
-0.3423
0.5200
0.0524
-0.6494
-0.6679
0.3451
0.2284
-0.3279
-0.3879
0.6635
0.4504
-0.3261
-0.2975
-0.0540
-0.0355
-0.0586
-0.0296
-0.1111
-0.1040
-0.0349
0.1029
-0.4531
-0.4904
-0.0495
-0.3752
-0.1173
0.1757
0.2558
0.2445
-0.2435
-0.2729
-0.3780
0.0434
-0.0720
-0.0207
0.2272
0.2180
0.2126
-0.4690
-0.3871
0.2763
0.3003
0.2933
0.2691
-0.4880
0.5664
0.3754
0.3206
-0.3763
-0.6815
0.2503
0.3307
0.3642
-0.3525
-0.4048
0.2274
0.1891
0.1618
0.1696
-0.5281
-0.5109
0.1908
0.5638
0.5254
0.0570
0.1384
-0.5601
0.3855
0.3998
-0.5589
-0.6001
0.1947
0.2638
0.3527
-0.4158
-0.1229
0.3856
0.6584
0.4142
-0.0079
0.4494
0.5502
-0.6122
-0.3361
-0.1632
-0.3090
-0.5116
-0.6267
-0.3034
0.1114
-0.4843
-0.6140
0.4253
0.4643
-0.5892
0.4199
0.4663
0.5951
-0.5117
-0.3315
0.2542
0.2340
0.3273
-0.5207
0.4378
0.4893
0.3733
0.0191
-0.0560
0.5006
0.5250
-0.5704
0.4838
0.4461
0.3790
0.2590
-0.2936
-0.4614
-0.0967
-0.4091
0.5454
0.5570
-0.6373
-0.7163
0.2942
0.2720
0.2974
-0.3190
0.4997
-0.4039
-0.3216
-0.5355
0.3374
0.6303
0.6706
0.7720
0.5823
0.3621
0.4450
-0.7439
-0.7115
0.2514
-0.0659
-0.4512
-0.4207
0.1937
-0.1681
0.4050
-0.3910
-0.2465
-0.5709
-0.3706
0.6222
0.6870
-0.6961
0.5335
0.5829
-0.6931
0.6416
-0.5606
-0.5204
0.7599
-0.6639
-0.4676
-0.3796
-0.2274
-0.3982
-0.5437
-0.6638
0.6104
-0.6600
0.6539
-0.5844
-0.6619
0.6482
-0.6407
0.4681
0.6499
-0.5868
0.7216
0.0096
-0.5959
-0.4313
0.0259
0.0361
0.0462
-0.0611
-0.4662
0.5027
-0.6785
-0.7712
0.6798
0.6786
-0.6070
0.2860
0.0001
-0.3792
0.3242
0.5366
-0.6634
0.3028
-0.0220
0.7376
-0.7395
-0.3439
0.4072
0.5217
-0.1226
-0.1731
-0.1240
0.4268
0.3061
0.4805
0.5359
0.6427
-0.5567
0.5295
0.3322
-0.6764
0.5318
-0.4467
-0.5493
-0.5005
0.7021
0.4464
-0.3058
-0.2786
-0.2071
-0.1492
0.6650
0.5967
-0.5174
-0.5398
0.5976
-0.6673
0.6739
0.2566
-0.3585
0.5840
-0.5628
-0.6560
0.3473
0.3712
0.1957
0.0731
-0.1530
-0.3729
-0.4470
-0.6598
0.6058
0.6240
-0.5564
-0.5341
-0.6621
0.7811
0.5606
-0.0397
-0.3531
0.5044
-0.0953
-0.4443
0.2679
0.0997
0.0823
0.0974
0.1192
0.0872
0.0602
0.0269
0.0191
0.0714
0.2446
0.4032
0.3515
0.4292
0.1840
-0.5860
0.6143
-0.4656
-0.3197
-0.7139
-0.7782
0.6804
-0.0517
-0.4830
-0.6025
0.0025
-0.4390
-0.0830
-0.0054
0.2750
-0.6114
0.5944
-0.2098
0.2485
0.4782
0.1723
-0.6539
0.5786
0.5602
0.0504
0.2329
-0.6981
0.5333
0.1827
0.1020
-0.3808
-0.5182
-0.5845
-0.6134
-0.7126
-0.7170
0.5147
0.5006
-0.7146
-0.5067
-0.3499
0.2203
0.4508
-0.7249
0.8028
0.5238
-0.6291
-0.5827
0.3852
-0.6067
-0.6151
-0.4655
0.5676
0.6138
-0.5946
0.0623
-0.1902
-0.2380
-0.1707
0.0902
-0.2434
-0.4217
-0.1057
-0.2509
-0.3127
0.5958
0.6320
0.5233
-0.5533
-0.6426
0.6882
-0.6936
0.6461
-0.6206
0.7471
0.4447
-0.4064
-0.1246
0.2488
0.4694
0.5430
0.5649
0.5683
-0.6470
0.6595
-0.6441
0.6422
-0.6243
0.6503
0.6393
-0.6729
-0.6251
0.6138
-0.7071
-0.6776
-0.2140
0.5074
-0.3715
-0.0644
-0.0254
0.6963
-0.6356
-0.6495
0.6083
0.6251
0.0547
-0.0262
0.6973
-0.6514
0.7251
-0.6225
-0.5396
0.2820
-0.0252
-0.3338
0.5563
0.1313
-0.2679
-0.7110
-0.5902
-0.4466
-0.3870
-0.4220
-0.4411
-0.4695
-0.2926
-0.1882
-0.3880
-0.3206
-0.5000
0.6572
0.1522
-0.3564
0.1190
-0.2444
-0.2605
-0.3173
0.2639
0.3495
0.4808
0.3769
0.6211
0.6572
0.3034
0.3920
0.4289
-0.3603
-0.3107
-0.1351
0.0766
0.1005
-0.0180
-0.1573
-0.2275
-0.1769
-0.0162
-0.0145
0.0271
0.0945
0.1776
0.2229
0.1698
0.0242
-0.1851
-0.3412
-0.3507
-0.2482
-0.5104
0.4413
0.4353
-0.0977
-0.0472
-0.1283
-0.1175
-0.2156
-0.3582
0.3061
0.2959
0.1345
-0.0987
-0.2274
-0.1923
-0.1640
-0.1540
-0.1195
-0.1000
-0.0858
-0.1053
-0.1399
-0.6051
-0.3879
0.4035
0.4227
0.3979
-0.4606
-0.4382
0.1844
0.1995
0.1804
0.2292
-0.1267
-0.1078
-0.0809
-0.0697
-0.0683
-0.1306
-0.2070
-0.2509
-0.0902
-0.3264
-0.2883
0.3501
0.2205
0.1105
0.1336
0.2175
0.1974
-0.1744
-0.0686
0.0959
0.2871
-0.2882
-0.3928
-0.1668
0.1037
0.1776
0.1429
-0.3487
-0.3233
-0.3742
0.2659
0.2579
0.1306
0.0229
-0.0341
-0.0060
0.0479
0.0701
0.1197
-0.2348
-0.1388
-0.0840
-0.1195
-0.1272
-0.5676
-0.4740
0.0603
-0.1344
-0.2257
-0.2485
-0.2301
0.2371
0.0510
0.1928
0.2548
0.2759
-0.3864
0.3564
0.3313
0.2894
-0.3877
-0.2456
-0.0454
0.1052
0.1794
0.1355
0.0921
0.0358
0.0025
0.0107
0.0106
0.0053
-0.0024
-0.1680
-0.0721
-0.5827
0.2458
0.2475
0.2843
-0.3892
-0.3956
0.3102
0.3242
0.3588
-0.0620
-0.1386
-0.2896
-0.3951
0.0172
0.0519
0.1179
0.1624
0.1641
0.1477
0.1488
0.2323
-0.2297
-0.5681
0.3505
0.3941
-0.4525
-0.5412
0.1584
0.1792
0.2364
0.2810
-0.3661
-0.3262
-0.2541
-0.1679
-0.1516
-0.1567
-0.1204
-0.0738
0.2634
0.1599
-0.2254
-0.2831
-0.2147
0.6350
-0.6367
0.4467
0.5038
-0.6097
-0.1131
0.0965
0.2438
0.2775
-0.1803
-0.1869
-0.2748
-0.3244
0.0595
0.7332
0.2438
0.5691
0.6027
-0.6356
-0.6254
0.4508
0.2410
0.0278
-0.1379
-0.1813
-0.1782
0.6069
-0.5923
0.4826
0.5294
-0.2412
-0.2051
-0.2250
-0.1988
-0.1423
-0.4226
0.1784
0.4925
0.5796
0.5577
-0.5762
0.4343
-0.3344
-0.3464
-0.3675
-0.3415
-0.4269
-0.6675
0.5509
-0.5966
-0.6448
-0.2284
0.4172
-0.5084
-0.4371
-0.3716
-0.6232
-0.3440
-0.4513
0.5724
0.6158
-0.6706
-0.6302
-0.6735
-0.1247
-0.6790
-0.6349
0.6511
-0.6410
0.7449
0.6642
-0.5366
0.6438
0.6748
0.6431
-0.5472
-0.2222
-0.4889
0.6052
0.4924
-0.7421
0.6873
0.6049
0.6913
0.2485
0.3624
-0.6156
0.4221
0.3460
-0.6766
-0.7242
0.6230
0.5881
0.6527
0.6173
0.6317
-0.5893
0.6683
-0.6047
-0.1035
0.0436
-0.0058
-0.0732
-0.7000
0.1699
0.1339
0.0071
-0.0916
-0.0812
-0.0337
0.0223
0.1484
0.0843
0.0545
-0.0876
-0.2316
-0.2642
-0.1893
-0.0820
0.3131
0.2960
0.0722
-0.0999
-0.1658
-0.1241
-0.1135
-0.0779
-0.0357
-0.0465
-0.0908
-0.1857
-0.3315
0.4253
-0.5239
-0.1780
-0.0291
0.0004
-0.0181
-0.0445
-0.0241
0.0164
0.0720
0.1417
0.2314
-0.4938
-0.5405
0.3037
0.5511
0.5588
0.3294
-0.0901
-0.0515
-0.0372
-0.0400
0.0177
0.1064
-0.4460
-0.2926
0.5869
0.5769
0.6728
0.5453
0.5928
0.4836
-0.5326
-0.2825
-0.0782
0.0504
0.1018
0.1316
0.0832
-0.1375
-0.2317
-0.1998
-0.0506
0.0659
0.1250
0.1494
0.1468
-0.1564
-0.2671
-0.3189
-0.3056
-0.1676
0.1554
0.0536
-0.0746
-0.1311
0.0567
0.3535
0.5117
0.5950
-0.1551
-0.1182
-0.1426
-0.1467
-0.1097
-0.0833
-0.0812
0.6123
-0.1827
-0.3834
-0.6439
-0.5051
-0.6153
-0.7369
0.4365
0.3855
0.1387
0.1098
0.0553
0.0026
-0.0246
-0.0183
-0.0025
-0.0646
0.4734
-0.1573
0.4692
-0.1498
-0.5406
-0.6147
0.5396
-0.3616
-0.3443
0.5904
0.1182
0.0837
0.0939
-0.5014
0.1502
0.1565
0.1542
0.1260
0.1094
0.1238
0.1575
0.1666
-0.4779
-0.3826
0.7574
-0.3371
0.0594
-0.2148
-0.4497
-0.4244
-0.5613
0.7490
0.2526
-0.2600
0.6679
-0.2420
-0.4446
0.5993
0.6915
0.1735
-0.4198
0.4978
0.1623
0.5244
0.2148
0.2321
0.5146
-0.5538
-0.4991
0.0671
-0.6446
0.0584
0.3459
-0.6188
0.2445
0.5799
0.5086
0.5849
0.2026
-0.7134
0.5944
-0.1777
-0.7019
-0.5360
0.3659
0.0226
-0.5691
-0.5344
-0.4167
0.6639
0.6134
-0.0137
-0.0555
0.3799
0.5337
0.1357
-0.5945
0.6829
0.6943
-0.7794
0.5415
0.6430
-0.0504
-0.3472
0.4865
-0.6500
0.6023
-0.0597
-0.1853
-0.2567
-0.3350
0.2507
0.4151
-0.5207
-0.5135
-0.6038
0.6226
0.1755
-0.3249
-0.6190
0.2808
-0.0190
-0.5801
0.1795
0.1087
0.0240
-0.5125
-0.1118
0.1208
0.0477
0.0649
-0.4810
-0.2133
0.1816
-0.0871
-0.0458
0.1734
0.7026
0.3226
-0.3729
-0.6869
0.5275
0.2152
-0.5352
0.2403
0.2617
0.1437
0.0502
-0.1133
-0.1675
-0.1507
0.5723
-0.1894
0.7317
0.6346
0.3698
0.1103
-0.1304
0.6680
-0.5956
-0.3771
-0.4201
0.2633
0.2287
0.3669
-0.5334
-0.1570
-0.5021
-0.5135
-0.4061
0.0484
-0.1553
-0.2305
-0.1515
0.0328
0.1551
0.4093
-0.2505
-0.3363
-0.5799
0.1871
-0.0899
-0.3030
-0.3993
-0.3768
-0.0934
-0.0784
-0.5343
-0.2007
0.7190
-0.3360
-0.4181
0.6494
0.4339
0.4942
0.5547
0.1578
-0.6564
0.1699
-0.3090
-0.1006
-0.1700
-0.3860
-0.4597
-0.5501
0.3897
-0.3667
-0.5280
0.7048
0.4645
-0.1738
0.3675
0.3662
-0.4648
-0.3112
0.0177
-0.0033
-0.1797
0.4748
0.3673
0.2106
0.1283
0.2377
0.2012
0.0752
0.0125
0.0270
0.0434
0.6611
-0.5650
-0.5886
0.1602
0.4581
-0.0288
-0.1450
-0.1472
0.2003
-0.3877
-0.3674
-0.3493
-0.2872
0.5750
0.5785
0.0193
-0.0789
-0.3058
-0.5112
0.4656
0.7974
0.4325
0.4364
0.4432
0.4915
-0.2221
-0.2526
-0.3037
-0.1877
0.4175
0.5392
-0.3672
-0.1780
-0.0955
-0.0902
-0.0475
0.7492
0.5235
0.0344
-0.3298
-0.5051
0.5962
0.1482
-0.5461
0.7057
0.4984
0.2477
0.1330
0.1680
-0.5687
0.3638
0.1852
-0.0976
0.1806
0.1979
0.1556
0.0403
-0.2506
-0.3908
-0.5248
0.7023
0.4232
-0.0117
0.6503
-0.5836
0.2293
-0.5086
-0.6478
-0.2733
-0.0261
0.6143
0.5369
0.4010
0.4567
0.1933
-0.5154
-0.7229
0.0682
0.3767
0.4021
-0.6704
-0.4736
-0.4458
0.1711
0.4068
0.4877
0.4922
-0.2661
-0.6962
0.5322
0.3706
0.3180
-0.6007
-0.6061
-0.3152
0.5151
0.5731
-0.7042
0.6270
0.3242
0.3844
0.5647
0.5388
-0.3798
0.4123
0.3424
-0.2731
0.0196
-0.0831
0.5176
-0.4011
0.2204
-0.0454
-0.3312
0.5270
-0.4177
-0.3974
0.5175
0.1005
-0.5409
-0.6408
-0.4995
0.5661
0.5724
-0.4392
-0.3866
-0.4934
0.1267
0.0618
0.3080
0.4853
-0.5063
-0.4950
-0.5829
-0.1336
-0.1670
-0.1037
0.0596
0.1509
0.1852
0.1521
0.1270
0.1631
0.1315
-0.5697
-0.5969
0.3239
0.3959
0.3722
0.2761
0.2040
0.1625
0.1519
-0.1322
-0.1799
-0.1854
-0.1277
-0.4211
-0.5706
0.4170
0.4378
0.3323
0.1350
0.0905
-0.0128
0.2244
0.0305
-0.7477
-0.7073
-0.1561
0.4586
0.4436
0.4008
-0.2562
-0.0802
-0.0277
-0.0681
-0.1013
-0.1107
-0.0941
-0.1089
-0.1372
-0.6210
-0.7003
0.1126
-0.5799
-0.2261
-0.1989
0.4625
0.4996
-0.2594
-0.0838
0.0331
0.1641
0.2410
0.3119
0.2806
-0.5647
-0.4436
-0.5984
-0.4635
-0.4524
-0.4630
-0.4411
-0.0076
-0.0084
0.1127
0.2411
0.4087
0.2495
0.2761
0.4632
-0.0757
-0.4728
0.1830
-0.0398
-0.3411
-0.5498
-0.3081
0.7043
0.5107
0.2376
-0.4966
-0.2671
-0.0020
-0.6814
-0.5128
0.0599
-0.0358
-0.1900
-0.3870
0.4947
0.1033
-0.2876
-0.1083
0.0906
0.1520
0.1314
0.3500
-0.4271
-0.5117
-0.4967
-0.4356
0.6345
0.5189
-0.2598
-0.2657
-0.3063
-0.3995
-0.0681
0.3179
0.4926
0.4720
-0.2451
-0.3254
-0.3396
-0.3084
0.0249
0.0974
0.0695
0.0563
-0.3777
-0.3486
-0.2694
-0.1612
-0.0938
-0.1010
-0.1287
-0.1103
-0.0264
0.1489
-0.8340
-0.6079
-0.5616
-0.4894
-0.1682
0.0843
0.2149
0.2282
0.3227
0.1480
0.2588
-0.4166
-0.2931
0.0468
0.2493
-0.0370
-0.5193
-0.5571
-0.4420
-0.6069
0.3240
0.3016
0.3983
-0.2939
0.3455
0.4350
0.1323
0.2650
0.1776
0.0441
-0.0776
-0.0634
0.0081
0.0205
-0.0069
-0.0322
-0.0486
0.6082
0.4007
-0.1847
-0.2613
-0.2276
-0.1544
-0.1164
-0.0765
0.0545
-0.1622
-0.1482
0.1126
0.1636
-0.1918
0.5281
0.4581
0.0447
-0.3950
-0.8176
-0.6767
0.2940
0.1110
-0.3075
-0.6492
-0.7228
0.2077
0.7763
-0.5456
-0.6492
0.1383
0.6583
-0.6955
0.6642
0.4566
-0.1767
-0.5584
0.7236
0.5350
-0.0485
0.2914
0.2736
-0.0687
-0.5301
-0.6156
-0.4966
-0.5887
0.5600
-0.0066
0.6179
0.2891
0.1826
0.2742
0.4784
0.5525
0.4940
0.3647
-0.6277
0.6584
-0.0388
-0.6569
-0.6831
-0.7061
0.0460
0.2295
0.2886
0.5802
-0.5658
-0.5465
0.6802
0.6778
-0.6300
0.6170
-0.5301
-0.6993
0.2389
0.1206
-0.4666
-0.1394
0.0095
0.1066
-0.3414
-0.6996
0.3166
-0.5199
0.2956
0.3584
-0.5948
-0.5910
-0.5113
-0.5318
-0.6211
-0.4631
-0.1520
-0.0289
0.1637
-0.5191
-0.5023
-0.5549
-0.7007
0.6529
-0.6472
-0.4625
-0.5000
-0.5961
-0.6396
-0.6437
0.4306
0.5413
0.1311
-0.1373
-0.3047
-0.4886
-0.6130
-0.5013
-0.0322
-0.1567
-0.4965
-0.0210
