519
522
530
772
775
778
782
815
939
1025
1031
1035
1068
1192
1196
1278
1284
1288
1531
1537
1540
1567
1571
1583
1784
1789
1793
1813
1819
1823
1835
2038
2045
2067
2088
2291
2298
2545
2550
2794
2797
2803
3050
3056
3083
3109
3335
3362
3555
3560
3649
3706
3812
3870
3901
3959
3962
4062
4066
4211
4214
4316
4319
4346
4352
4383
4467
4563
4570
4573
4600
4606
4635
4719
4817
4826
4842
4854
4860
4888
4971
5071
5077
5094
5108
5330
5347
5361
5475
5584
5599
5727
5834
5838
5852
6088
6105
6120
6341
6359
6373
6595
6612
6848
6853
6861
6891
6981
7058
7105
7114
7135
7144
7233
7237
7358
7367
7387
7391
7397
7486
7489
7562
7566
7610
7621
7625
7640
7645
7738
7741
7815
7819
7863
7874
7878
7893
7898
7990
7994
8017
8068
8072
8103
8116
8132
8146
8219
8243
8246
8265
8269
8325
8355
8363
8367
8385
8392
8495
8498
8518
8615
8620
8639
8649
8654
8748
8751
8868
8873
8877
8902
8908
8911
8922
9001
9004
9121
9126
9131
9155
9161
9164
9169
9175
9253
9256
9288
9293
9370
9373
9379
9384
9401
9407
9414
9417
9429
9506
9509
9541
9546
9554
9623
9626
9633
9638
9667
9670
9758
9761
9794
9799
9806
9823
9875
9879
9886
9920
9923
10011
10014
10047
10051
10058
10075
10079
10127
10131
10139
10174
10177
10264
10267
10300
10310
10328
10332
10380
10384
10392
10427
10430
10516
10519
10562
10581
10585
10632
10636
10645
10769
10772
10810
10885
10889
10898
10901
11022
11025
11062
11070
11138
11151
11154
11241
11274
11278
11314
11318
11323
11391
11405
11408
11494
11527
11530
11571
11576
11620
11644
11658
11661
11747
11750
11780
11783
11828
11868
11873
11897
11911
11914
11964
11999
12002
12036
12121
12126
12164
12167
12217
12252
12255
12288
12324
12379
12408
12417
12466
12470
12505
12508
12541
12547
12632
12661
12669
12673
12719
12723
12758
12761
12795
12914
12925
12976
13003
13011
13014
13063
13073
13167
13178
13233
13264
13267
13316
13420
13426
13431
13487
13506
13520
13564
13569
13672
13675
13679
13726
13740
13760
13821
13928
13932
13978
14013
14160
14185
14231
14273
14278
14281
14413
14431
14438
14441
14484
14515
14518
14527
14531
14534
14622
14667
14684
14691
14694
14737
14767
14771
14777
14781
14788
14834
14838
14871
14875
14920
14936
14945
14948
14989
15020
15024
15031
15087
15100
15127
15173
15198
15202
15241
15274
15277
15285
15342
15349
15353
15390
15393
15426
15452
15494
15527
15530
15538
15594
15602
15606
15631
15643
15647
15679
15706
15709
15727
15733
15738
15747
15781
15784
15792
15847
15855
15860
15895
15899
15947
15959
15962
15980
15986
15991
16034
16037
16046
16075
16100
16108
16114
16148
16199
16212
16215
16233
16240
16244
16287
16291
16300
16305
16328
16452
16469
16486
16509
16543
16554
16559
16722
16763
16791
16808
16813
16879
16972
16975
17044
17133
17147
17225
17228
17296
17300
17386
17390
17400
17478
17481
17549
17552
17595
17639
17643
17653
17731
17802
17806
17825
17848
17907
17985
18055
18059
18072
18101
18133
18155
18161
18238
18308
18312
18324
18354
18387
18492
18499
18561
18577
18587
18607
18636
18641
18744
18752
18830
18841
18860
18889
18895
18997
19000
19003
19083
19086
19095
19143
19148
19164
19250
19253
19256
19336
19339
19348
19397
19402
19416
19503
19506
19510
19518
19588
19591
19601
19650
19656
19669
19756
19759
19764
19772
19824
19841
19844
19853
19904
19910
20009
20012
20077
20094
20097
20106
20109
20158
20163
20262
20265
20329
20333
20346
20349
20359
20362
20412
20417
20515
20518
20530
20581
20599
20602
20611
20614
20666
20671
20767
20770
20783
20817
20833
20854
20864
20867
20920
20925
20942
21020
21023
21036
21071
21107
21116
21119
21174
21178
21273
21276
21324
21354
21360
21368
21372
21381
21392
21428
21432
21526
21529
21607
21620
21624
21655
21681
21686
21779
21782
21860
21876
21883
21909
21912
21935
21940
22006
22033
22036
22112
22125
22128
22162
22165
22189
22194
22259
22288
22377
22381
22416
22443
22448
22541
22622
22630
22633
22669
22676
22697
22702
22794
22871
22875
22882
22886
22923
22951
22986
23047
23123
23128
23135
23138
23176
23182
23205
23214
23239
23372
23375
23381
23387
23390
23431
23435
23459
23463
23467
23493
23625
23628
23634
23640
23643
23688
23713
23716
23722
23746
23774
23877
23887
23893
23896
23939
23942
23963
23966
23970
24027
24054
24057
24140
24146
24149
24192
24196
24217
24220
24224
24279
24307
24310
24384
24399
24402
24468
24471
24474
24478
24532
24561
24564
24636
24652
24655
24705
24721
24724
24727
24732
24751
24784
24814
24817
24888
24905
24908
24975
24978
24981
24986
25004
25068
25071
25141
25153
25161
25209
25212
25228
25231
25235
25240
25253
25258
25321
25412
25415
25463
25466
25482
25485
25489
25493
25506
25511
25574
25593
25643
25665
25668
25692
25716
25719
25735
25738
25742
25747
25828
25846
25892
25896
25918
25921
25946
25969
25972
25988
25992
25996
26099
26144
26148
26167
26174
26199
26222
26225
26242
26245
26250
26400
26425
26428
26476
26479
26495
26499
26504
26652
26678
26681
26732
26749
26752
26758
26763
26891
26901
26904
26931
26934
26965
26979
27003
27006
27011
27016
27143
27157
27184
27187
27192
27218
27232
27237
27242
27256
27260
27265
27269
27277
27310
27396
27401
27405
27437
27440
27446
27470
27484
27487
27490
27493
27496
27510
27513
27519
27522
27562
27653
27658
27690
27693
27699
27723
27737
27740
27743
27746
27763
27767
27772
27775
27808
27811
27815
27819
27850
27853
27906
27911
27943
27946
27953
27990
27996
27999
28017
28020
28026
28029
28061
28064
28069
28072
28103
28106
28159
28171
28196
28199
28206
28219
28227
28242
28249
28253
28270
28274
28279
28282
28314
28317
28325
28356
28359
28411
28424
28449
28452
28460
28480
28495
28503
28506
28524
28527
28532
28536
28567
28580
28610
28613
28665
28676
28702
28705
28713
28747
28778
28781
28786
28789
28820
28833
28863
28918
28928
28955
28958
29000
29018
29032
29035
29039
29043
29172
29181
29208
29211
29285
29289
29293
29296
29425
29435
29461
29464
29539
29543
29546
29550
29678
29688
29714
29717
29777
29793
29800
29803
29941
29953
29967
29970
30030
30047
30054
30057
30129
30132
30189
30194
30220
30223
30269
30284
30301
30307
30310
30382
30385
30442
30446
30473
30476
30522
30555
30560
30563
30635
30638
30687
30699
30727
30730
30774
30784
30813
30816
30888
30891
30940
30942
30972
30980
30983
31047
31066
31069
31141
31144
31180
31184
31192
31195
31224
31233
31236
31279
31319
31323
31433
31437
31445
31448
31477
31486
31489
31531
31572
31576
31650
31686
31690
31698
31702
31739
31742
31826
31829
31903
31939
31944
31952
31955
31993
31996
32079
32083
32101
32153
32156
32192
32197
32205
32228
32246
32249
32315
32318
32332
32335
32354
32406
32408
32419
32445
32449
32481
32500
32503
32568
32571
32585
32588
32594
32607
32658
32661
32711
32715
32733
32736
32745
32749
32753
32756
32787
32822
32825
32838
32842
32847
32911
32964
32968
32985
32989
32998
33002
33007
33010
33040
33043
33075
33078
33092
33095
33098
33101
33163
33217
33221
33251
33255
33260
33263
33293
33296
33311
33329
33332
33345
33348
33351
33354
33416
33469
33474
33486
33504
33508
33516
33546
33549
33564
33582
33585
33598
33602
33605
33608
33669
33722
33727
33739
33743
33757
33767
33770
33799
33816
33822
33839
33852
33855
33858
33862
33922
33975
33980
33992
33996
34010
34020
34023
34072
34080
34093
34105
34108
34112
34115
34228
34233
34263
34273
34276
34321
34326
34346
34358
34361
34366
34369
34454
34481
34486
34515
34526
34529
34574
34579
34599
34611
34614
34619
34623
34707
34711
34768
34779
34782
34827
34864
34867
34873
34876
34960
34965
35022
35033
35036
35103
35106
35117
35121
35127
35130
35213
35218
35275
35286
35289
35356
35359
35371
35374
35380
35383
35539
35542
35571
35609
35612
35620
35624
35627
35634
35637
35792
35795
35824
35861
35864
35869
35872
35877
35880
35888
35891
36045
36048
36114
36117
36124
36130
36134
36141
36144
36269
36298
36301
36367
36370
36376
36384
36387
36395
36398
36517
36521
36551
36554
36620
36629
36637
36640
36648
36651
36774
36804
36807
36881
36890
36893
36902
36905
37013
37057
37060
37144
37147
37155
37158
37266
37269
37310
37313
37350
37397
37400
37409
37412
37518
37522
37564
37567
37599
37603
37613
37650
37653
37662
37666
37771
37775
37817
37820
37853
37856
37866
37888
37904
37907
37916
37919
38024
38028
38071
38074
38106
38110
38119
38141
38157
38160
38170
38173
38277
38281
38324
38328
38359
38363
38410
38413
38423
38426
38564
38578
38581
38613
38616
38635
38648
38663
38666
38677
38680
38815
38832
38835
38866
38869
38917
38920
38930
38933
39085
39088
39170
39173
39184
39187
39319
39339
39393
39423
39426
39437
39441
39592
39595
39676
39679
39691
39694
39727
39846
39849
39929
39932
39945
39948
40035
40099
40102
40148
40183
40186
40198
40202
40288
40291
40353
40356
40400
40403
40436
40439
40452
40455
40541
40545
40606
40609
40653
40656
40689
40692
40706
40794
40798
40859
40863
40866
40880
40906
40909
40942
40945
40959
40963
41047
41052
41059
41063
41073
41113
41116
41134
41158
41161
41195
41198
41213
41216
41301
41306
41312
41316
41326
41366
41369
41387
41411
41414
41448
41451
41466
41469
41554
41559
41565
41569
41578
41608
41620
41640
41663
41666
41701
41704
41719
41722
41751
41807
41822
41831
41861
41873
41876
41915
41918
41954
41957
41972
41975
42004
42061
42084
42127
42130
42168
42171
42207
42210
42225
42228
42257
42354
42380
42383
42420
42423
42461
42464
42478
42481
42510
42607
42613
42634
42637
42672
42687
42714
42717
42731
42734
42860
42866
42887
42890
42925
42928
42936
42940
42967
42970
42984
42987
43113
43119
43141
43144
43173
43189
43193
43220
43224
43237
43240
43367
43394
43397
43418
43426
43432
43442
43446
43473
43477
43490
43493
43510
43647
43651
43679
43726
43730
43743
43746
43763
43897
43905
43937
43979
43982
43988
43996
43999
44016
44150
44153
44159
44167
44232
44235
44249
44252
44269
44402
44405
44410
44440
44485
44488
44497
44501
44504
44522
44655
44658
44664
44690
44700
44738
44741
44751
44754
44757
44907
44910
44917
44943
44952
44991
44994
45007
45010
45026
45047
45160
45170
45176
45196
45244
45247
45260
45263
45300
45412
45415
45423
45430
45448
45497
45500
45512
45515
45664
45667
45683
45700
45750
45753
45765
45768
45916
45920
45931
45934
45937
45952
45988
46003
46006
46018
46021
46184
46188
46191
46241
46256
46259
46271
46274
46434
46437
46441
46445
46456
46494
46509
46512
46523
46529
46687
46690
46695
46698
46708
46762
46765
46776
46779
46783
46940
46943
46949
46952
47005
47015
47018
47029
47032
47037
47193
47196
47202
47206
47258
47265
47268
47271
47282
47285
47288
47291
47404
47449
47456
47459
47511
47518
47521
47525
47535
47538
47541
47657
47700
47710
47713
47763
47771
47775
47778
47787
47790
47795
1315
1316
1322
1324
1325
1326
1327
1328
1329
1383
1384
1443
1447
1448
1633
1634
1635
1695
1699
1776
1777
1884
1885
1893
1894
1895
1896
1897
1898
1899
1912
1913
1947
1951
2031
2032
2044
2075
2076
2135
2136
2142
2143
2144
2145
2198
2199
2203
2286
2287
2320
2323
2324
2327
2342
2343
2344
2387
2392
2393
2394
2449
2450
2455
2534
2541
2574
2575
2579
2598
2638
2639
2643
2644
2700
2701
2706
2707
2831
2852
2890
2895
2951
2952
2958
3045
3048
3049
3077
3078
3106
3107
3141
3142
3146
3147
3202
3203
3208
3209
3210
3299
3307
3308
3324
3325
3329
3361
3375
3376
3377
3378
3379
3380
3381
3382
3383
3393
3397
3398
3454
3459
3460
3553
3575
3576
3589
3590
3591
3592
3593
3594
3595
3596
3597
3615
3616
3624
3625
3626
3637
3638
3639
3640
3641
3642
3643
3644
3645
3710
3711
3807
3808
3809
3824
3825
3826
3827
3851
3852
3871
3875
3876
4075
4076
4106
4125
4126
4127
4137
4138
4139
4140
4141
4142
4152
4153
4295
4296
4297
4298
4299
4327
4344
4355
4356
4360
4361
4367
4396
4397
4398
4463
4544
4545
4546
4547
4567
4578
4579
4592
4593
4594
4595
4596
4598
4599
4604
4605
4610
4611
4615
4616
4617
4618
4619
4715
4792
4793
4794
4795
4796
4830
4843
4844
4853
4859
4865
4966
4967
5042
5043
5044
5054
5055
5056
5057
5058
5080
5081
5082
5113
5114
5119
5120
5126
5127
5218
5223
5292
5293
5294
5303
5304
5305
5306
5325
5326
5344
5345
5368
5374
5375
5376
5377
5378
5408
5409
5410
5470
5543
5544
5551
5552
5553
5554
5555
5580
5594
5595
5596
5622
5623
5722
5726
5793
5794
5795
5801
5802
5803
5846
5865
5866
5877
5974
5978
6044
6045
6051
6052
6053
6117
6131
6225
6226
6230
6293
6294
6295
6296
6302
6303
6335
6336
6337
6349
6355
6356
6367
6368
6369
6385
6386
6387
6398
6399
6400
6401
6425
6426
6427
6477
6482
6544
6545
6552
6553
6554
6584
6585
6586
6587
6591
6592
6601
6603
6604
6605
6606
6607
6618
6619
6627
6628
6629
6641
6642
6643
6644
6645
6646
6647
6648
6649
6650
6655
6656
6657
6658
6659
6729
6733
6734
6795
6796
6803
6804
6836
6846
6847
6866
6867
6868
6869
6870
6878
6879
6913
6914
6915
6938
6939
6985
7046
7047
7052
7053
7054
7136
7137
7138
7169
7170
7171
7184
7185
7186
7193
7194
7195
7196
7297
7298
7303
7304
7311
7312
7348
7349
7425
7426
7427
7442
7450
7451
7452
7548
7549
7554
7555
7563
7599
7600
7651
7652
7653
7681
7682
7683
7696
7697
7698
7761
7762
7763
7764
7793
7794
7795
7796
7797
7798
7799
7805
7806
7850
7851
7856
7875
7876
7877
7888
7889
7907
7908
7937
7938
7939
7952
7963
7964
7965
7966
8012
8013
8042
8043
8044
8045
8056
8057
8107
8108
8112
8113
8140
8144
8148
8149
8162
8163
8164
8165
8166
8167
8168
8169
8170
8171
8172
8193
8194
8195
8196
8293
8294
8306
8307
8308
8321
8322
8323
8324
8353
8354
8358
8359
8364
8403
8426
8427
8428
8429
8450
8451
8452
8544
8545
8552
8553
8554
8555
8556
8557
8622
8623
8624
8652
8653
8660
8665
8666
8683
8684
8706
8707
8770
8771
8772
8773
8774
8775
8785
8795
8796
8801
8802
8803
8804
8893
8914
8920
8921
8938
8939
8940
8941
8961
8962
8963
9034
9035
9036
9037
9039
9040
9041
9047
9052
9053
9115
9116
9117
9147
9148
9168
9195
9196
9197
9198
9217
9218
9219
9299
9303
9304
9365
9366
9367
9372
9402
9422
9423
9430
9452
9453
9454
9473
9474
9550
9551
9555
9572
9656
9657
9658
9659
9677
9678
9684
9685
9686
9708
9709
9710
9728
9729
9730
9802
9824
9932
9933
9940
9941
9942
9964
9965
9966
9967
9984
9985
9986
10054
10187
10196
10197
10198
10199
10221
10222
10223
10224
10240
10241
10242
10243
10244
10245
10301
10302
10303
10306
10441
10442
10443
10453
10454
10455
10478
10479
10499
10500
10501
10558
10697
10709
10710
10711
10733
10734
10755
10756
10835
10836
10837
10888
10951
10952
10965
10966
10988
10989
11010
11011
11069
11140
11206
11207
11208
11209
11210
11211
11220
11221
11243
11244
11245
11246
11247
11248
11265
11266
11267
11320
11321
11364
11465
11466
11467
11475
11476
11502
11503
11504
11505
11521
11565
11615
11616
11618
11619
11721
11722
11723
11730
11731
11759
11760
11761
11762
11775
11776
11781
11816
11817
11821
11822
11965
11977
11978
11985
11986
12016
12017
12018
12030
12031
12032
12042
12043
12044
12067
12068
12072
12073
12076
12077
12079
12080
12152
12153
12214
12215
12232
12233
12240
12272
12273
12294
12298
12299
12317
12318
12319
12331
12374
12375
12376
12401
12404
12487
12488
12494
12527
12528
12529
12569
12575
12576
12630
12631
12742
12743
12748
12749
12783
12784
12785
12809
12821
12826
12827
12909
12921
12922
12979
12980
12997
13039
13040
13048
13049
13060
13061
13077
13078
13169
13170
13171
13223
13224
13229
13230
13251
13252
13257
13294
13295
13303
13324
13328
13329
13425
13474
13475
13478
13479
13480
13481
13511
13549
13557
13576
13580
13765
13803
13811
13817
13828
13832
13924
13934
13935
13936
13937
13971
13972
13973
13976
14014
14019
14027
14057
14058
14065
14071
14072
14073
14079
14080
14083
14161
14162
14176
14179
14180
14191
14192
14221
14222
14223
14263
14264
14268
14269
14312
14319
14330
14331
14335
14367
14416
14417
14418
14428
14446
14470
14471
14472
14473
14523
14566
14573
14574
14582
14587
14619
14700
14722
14820
14828
14839
14954
14955
14970
14971
14972
14973
14974
15035
15074
15075
15082
15083
15090
15096
15097
15098
15099
15138
15139
15140
15209
15210
15211
15212
15213
15214
15215
15216
15217
15218
15219
15220
15221
15222
15275
15289
15329
15337
15338
15378
15379
15427
15428
15429
15430
15457
15458
15481
15482
15483
15543
15583
15592
15712
15737
15757
15797
15837
15838
16008
16009
16051
16092
16149
16150
16151
16152
16153
16254
16255
16256
16346
16347
16354
16493
16494
16495
16496
16510
16539
16601
16608
16609
16739
16764
16796
16797
16855
16856
16863
16887
16888
16889
16890
16891
16892
16893
16982
16983
16984
16989
16990
16991
17047
17048
17062
17067
17110
17117
17138
17139
17230
17238
17239
17240
17241
17316
17317
17321
17364
17371
17571
17575
17618
17619
17625
17829
17873
17879
17899
17900
17901
17988
18003
18004
18079
18083
18084
18127
18128
18254
18255
18333
18338
18382
18592
18846
18883
18884
18885
18912
18913
18914
19006
19007
19100
19101
19102
19168
19261
19262
19263
19356
19357
19517
19533
19603
19604
19605
19611
19612
19613
19643
19644
19765
19784
19785
19825
19859
19860
19861
19867
19868
19869
19870
19871
19872
19873
19874
19875
19878
19879
19880
19881
19882
19883
19884
19885
19886
19887
19888
19889
20025
20115
20116
20129
20130
20143
20144
20145
20146
20211
20212
20213
20214
20215
20216
20217
20218
20219
20220
20221
20222
20223
20279
20280
20370
20371
20372
20400
20401
20460
20461
20462
20463
20477
20478
20479
20480
20481
20482
20483
20484
20534
20585
20586
20626
20627
20628
20629
20630
20631
20637
20638
20639
20640
20643
20644
20645
20646
20647
20648
20655
20656
20657
20704
20705
20706
20707
20708
20709
20710
20711
20712
20738
20739
20740
20741
20742
20836
20837
20885
20886
20887
20888
20889
20894
20895
20902
20903
20904
20911
20954
20955
20956
20970
20971
20972
20973
20974
20975
20976
20977
20978
20979
20980
20981
20982
20996
20997
21088
21158
21159
21160
21165
21166
21204
21205
21206
21219
21220
21221
21222
21236
21237
21238
21239
21240
21241
21242
21243
21403
21404
21414
21415
21420
21421
21453
21454
21455
21456
21464
21465
21466
21467
21468
21469
21470
21471
21497
21498
21499
21500
21501
21621
21658
21669
21670
21675
21701
21702
21703
21704
21713
21714
21715
21716
21756
21873
21907
21924
21925
21929
21930
21951
21952
21953
21963
21964
21965
22179
22184
22202
22203
22211
22212
22213
22214
22215
22362
22363
22364
22433
22434
22438
22454
22460
22461
22462
22463
22620
22672
22688
22692
22693
22705
22706
22710
22711
22712
22872
22926
22927
22942
22943
22947
22955
22956
22957
22961
22962
23197
23201
23430
23451
23455
23684
23685
23705
23709
23710
23880
23959
24129
24132
24193
24213
24214
24381
24447
24450
24633
24701
24704
24750
24884
24885
24955
25136
25388
25392
25640
25644
25780
25782
25783
25784
26001
26005
26006
26007
26008
26009
26010
26011
26012
26013
26014
26015
26016
26017
26018
26019
26028
26029
26030
26031
26032
26038
26039
26040
26041
26042
26043
26044
26045
26136
26255
26256
26257
26273
26274
26275
26276
26277
26278
26279
26280
26299
26300
26395
26396
26397
26462
26463
26539
26540
26541
26542
26543
26554
26555
26670
26712
26713
26714
26727
26744
26764
26765
26766
26767
26768
26769
26770
26771
26772
26773
26774
26775
26776
26777
26778
26787
26788
26789
26790
26791
26797
26798
26799
26800
26801
26802
26803
26804
26809
26810
26811
26812
26813
26814
26815
26922
26941
26942
26986
26987
26988
26989
26995
26996
27032
27033
27034
27035
27036
27037
27038
27039
27058
27069
27149
27150
27151
27152
27174
27196
27197
27236
27312
27313
27314
27406
27568
27569
27570
27571
27572
27573
27574
27828
27916
27917
27975
28163
28323
28415
28577
28578
28594
28666
28667
28723
28757
28763
28764
28940
28967
28968
29004
29011
29012
29087
29088
29191
29192
29255
29256
29266
29352
29353
29354
29507
29522
29523
29608
29609
29681
29797
29863
29933
30051
30131
30203
30204
30205
30305
30438
30538
30539
30559
30690
30695
30696
30697
30698
30793
30809
31026
31063
31181
31182
31278
31317
31436
31476
31583
31584
31585
31586
31727
31728
31831
31840
31841
31953
31985
32085
32095
32098
32099
32100
32235
32236
32237
32339
32340
32342
32343
32344
32484
32485
32487
32598
32599
32600
32699
32700
32701
32702
32746
32747
32748
32843
32854
32856
32857
32858
32859
32882
32965
32966
33058
33059
33060
33061
33062
33097
33241
33492
33493
33578
33579
33580
33587
33590
33744
33760
33761
33825
33826
33827
33828
33829
33830
33836
33844
33845
33995
34012
34039
34040
34041
34042
34076
34077
34087
34088
34090
34099
34100
34176
34200
34201
34202
34203
34232
34247
34297
34303
34327
34328
34338
34339
34348
34457
34458
34482
34483
34484
34576
34577
34585
34586
34588
34589
34590
34602
34603
34604
34796
34797
34798
34799
34800
34801
34802
34826
34836
34837
34858
34859
35056
35057
35058
35059
35066
35067
35068
35069
35077
35078
35085
35086
35087
35088
35115
35276
35313
35314
35315
35316
35323
35324
35325
35326
35328
35329
35333
35334
35335
35336
35337
35466
35467
35468
35469
35470
35530
35580
35585
35617
35825
35826
35827
35828
35837
36013
36014
36015
36082
36083
36084
36085
36087
36088
36089
36121
36265
36339
36373
36389
36390
36546
36547
36621
36622
36625
36877
37023
37024
37025
37026
37027
37094
37128
37129
37133
37151
37152
37186
37187
37188
37189
37348
37349
37378
37379
37380
37384
37385
37403
37629
37630
37636
37808
37880
37881
37946
37947
38064
38131
38132
38137
38138
38139
38201
38315
38369
38370
38371
38383
38388
38389
38531
38532
38533
38534
38567
38614
38634
38639
38640
38819
38882
38883
38885
38886
38890
38891
39071
39126
39127
39128
39129
39130
39131
39132
39133
39134
39137
39142
39323
39367
39368
39369
39370
39371
39372
39373
39375
39376
39377
39378
39574
39575
39614
39615
39616
39617
39618
39641
39642
39643
39645
39646
39826
39864
39865
39866
39885
39886
39887
39888
39889
39890
39891
39892
39893
39971
39981
40036
40037
40064
40077
40115
40116
40125
40126
40127
40128
40129
40130
40131
40136
40137
40235
40318
40319
40328
40329
40363
40364
40365
40366
40367
40373
40374
40375
40376
40377
40385
40386
40387
40388
40573
40613
40614
40615
40623
40624
40625
40709
40710
40713
40714
40715
40716
40807
40808
40809
40810
40855
40856
40857
40865
40874
40875
40970
40971
41049
41104
41123
41226
41227
41331
41332
41333
41355
41356
41373
41374
41375
41471
41472
41473
41474
41475
41481
41482
41483
41484
41485
41486
41487
41488
41489
41490
41496
41582
41583
41612
41613
41614
41615
41616
41617
41730
41731
41750
41757
41818
41819
41820
41821
41834
41863
41864
41985
41986
42070
42086
42113
42114
42115
42240
42241
42242
42243
42244
42245
42246
42247
42248
42249
42314
42315
42316
42317
42318
42319
42320
42321
42322
42358
42359
42360
42609
42610
42683
42684
42685
42686
42761
42762
42916
42917
42918
42919
42920
43168
43177
43180
43371
43428
43429
43479
43620
43621
43622
43623
43660
43671
43694
43695
43696
43697
43698
43699
43733
43734
43898
43901
43902
43925
43926
43927
43928
43929
43930
43931
43989
44156
44238
44243
44413
44420
44492
44493
44518
44519
44667
44668
44692
44773
44922
45002
45046
45162
45171
45172
45200
45201
45202
45203
45204
45205
45426
45452
45509
45510
45555
45704
45809
45810
45956
46051
46052
46053
46054
46064
46065
46171
46172
46204
46208
46319
46320
46423
46460
46712
46752
46753
46754
46755
46756
46757
46758
46780
46962
46963
46964
47034
