13.7404
15.4985
23.2718
13.5375
15.8208
19.1940
23.5976
55.3619
180.5176
13.4374
18.4844
23.3979
56.2385
179.3750
183.5836
13.2368
18.3775
22.7906
13.2833
18.7926
22.1831
49.3731
52.8437
64.7996
13.0097
18.4983
21.4853
41.8641
48.5372
52.5478
64.2030
13.7463
20.6955
42.2952
64.1663
14.2550
20.3599
14.7980
20.5191
11.1591
14.4001
20.3681
13.6069
19.8787
46.9947
73.0177
46.1981
72.2331
12.2470
17.6589
106.6790
164.3811
17.1418
75.2062
105.3928
163.7990
167.0937
14.5765
17.5269
163.1202
166.2122
15.2938
18.0347
44.4832
50.2793
81.8696
165.4262
9.3277
16.4764
18.6870
45.0565
51.4096
80.9989
164.5392
9.5672
19.3722
35.4631
46.5126
52.5709
80.7842
163.6636
11.0058
17.2458
34.4575
47.8826
17.3316
33.6666
48.2372
161.5484
17.5881
33.1039
160.7861
15.3959
18.8996
33.2225
15.6434
33.4912
48.0746
16.9946
33.6906
47.7390
16.8122
34.0195
16.3542
21.7470
30.5320
59.6601
150.2798
226.2476
21.1182
30.1328
51.5004
59.7562
149.4412
152.6800
20.5055
30.2294
50.4554
53.9890
60.2379
148.7579
151.8406
224.9876
228.5674
19.8004
30.8719
35.1420
49.8725
54.7243
148.1050
151.1197
224.5249
229.4795
19.5088
31.6681
35.0398
49.5796
55.4329
147.4554
150.4039
173.8746
224.5602
229.1519
6.3483
19.8071
35.3620
49.9146
123.0806
146.7334
149.7055
168.5200
173.6545
228.2922
5.6433
14.4828
17.3842
35.9743
42.6774
146.1581
149.0244
168.0920
13.3894
17.8201
36.8005
47.5606
52.0394
145.9148
148.5781
12.6471
18.2204
22.3806
47.5396
52.6198
55.9778
66.7124
145.7064
148.2844
12.4346
18.2899
22.6374
47.1953
53.2417
55.8809
61.1586
67.3180
145.4099
148.1466
179.8619
184.6850
9.1087
12.2034
18.5488
23.2540
40.7472
46.1962
53.3533
55.9127
68.4364
144.9163
147.7407
179.5200
185.1187
193.2389
9.2627
12.0650
18.8644
24.5342
53.4701
56.1394
144.4702
147.3043
179.5808
184.8229
191.8225
209.1011
8.5736
11.5626
18.9317
53.5061
56.4199
144.2235
146.8230
179.9256
183.9853
190.6970
208.3961
212.1080
7.5475
11.1841
18.9329
53.8074
56.6828
143.9117
146.3179
180.8638
189.5973
208.0628
211.9517
6.8142
10.8750
18.8032
53.9193
56.5391
143.4692
145.9321
188.3215
208.6017
211.7665
6.4011
10.5318
19.1348
142.9612
145.6767
184.9697
5.8658
9.7913
19.5365
21.6142
142.6765
145.5398
182.9025
191.5455
6.0272
19.8127
22.1325
109.6354
142.5525
145.3950
181.9799
185.4302
190.8533
6.0812
19.9887
22.3981
109.5122
142.3769
145.2736
185.5803
191.0321
234.0948
6.2896
19.8620
22.5932
108.9474
111.5077
141.7617
145.0877
190.2230
229.3945
235.0470
5.9210
19.7210
23.0651
73.0513
108.4744
111.2861
144.7851
229.9791
235.1126
19.5784
23.6612
72.7085
108.2869
110.8460
144.3808
179.5533
234.5920
10.3942
19.8397
68.8527
72.8039
108.1772
110.6946
144.0497
149.3794
234.5736
11.0463
19.5318
22.4250
68.8484
73.6099
107.8866
110.6325
144.5582
11.6811
21.6261
73.8427
99.6829
107.3832
110.6744
159.3501
169.6951
11.8313
21.6208
77.3735
108.0370
110.5539
159.9935
10.9037
16.4618
21.9565
77.6886
96.8046
110.8621
154.0833
159.8134
10.3002
13.2799
17.1495
63.6882
77.9429
97.6431
159.2127
13.2406
17.4544
63.0316
98.5227
245.7892
17.2557
62.9499
105.0485
110.2020
112.8830
245.8177
9.8014
17.1690
19.3454
62.9685
94.2875
97.0647
105.9091
110.4540
113.5779
201.7267
245.5537
9.3564
17.5591
19.8760
62.7200
93.0646
96.9534
102.9596
106.7586
114.2580
160.5169
164.0381
197.5474
200.8553
245.7018
9.0354
18.0453
20.7200
61.4924
93.4769
96.3453
103.7711
159.7628
172.1685
199.6816
246.1232
18.5815
21.2863
60.9421
94.0654
96.6194
104.5436
161.1732
168.7426
172.6179
210.0953
213.4494
246.5351
19.2960
60.7932
94.9077
96.9121
105.3350
160.2813
168.7004
173.1517
197.2884
209.3705
213.8059
246.7417
19.9462
23.1107
41.6994
47.1743
51.2331
61.2660
95.0727
97.4607
106.1813
160.5029
168.9674
173.9117
209.0966
213.2506
7.7436
20.5803
23.1114
40.6966
46.9503
52.2197
95.7790
97.8028
107.0871
136.7039
161.2753
169.2758
174.6912
209.4202
7.3252
20.9131
22.9946
40.9757
47.9388
51.7080
95.5293
98.3996
108.0950
112.8600
136.5617
6.8060
23.1393
40.9403
64.1331
98.4710
109.0662
113.8775
23.3408
65.2635
93.2804
110.0558
114.7202
180.9129
21.0701
24.0512
92.4789
181.4941
195.5780
21.0647
24.4640
92.0699
95.4945
181.8504
185.9840
195.7831
21.0954
24.8934
92.3605
94.9762
137.7219
182.0938
185.4358
196.5154
21.6718
92.4568
95.4779
115.0459
137.8204
197.2848
22.3989
92.5362
95.9729
109.3495
137.8883
170.4344
191.7254
198.1303
22.7797
92.0370
96.4801
108.5948
138.0612
171.1947
22.9515
29.7470
91.5608
107.9554
118.1814
138.1915
166.8375
171.8606
22.6986
30.3449
107.5776
119.1507
138.7456
167.6299
172.4805
22.8080
24.4595
27.7458
107.5952
110.9708
119.8928
168.0499
173.1454
189.0931
22.8740
24.6081
28.4658
107.7845
110.7111
120.4197
168.6527
173.8674
187.8265
22.6112
24.7550
29.3742
36.5526
107.8219
110.2399
119.9802
169.4345
174.7044
187.0455
22.3843
24.8707
30.0958
38.0378
90.4473
107.4309
109.6429
119.7019
170.4504
175.5781
22.1772
24.6588
89.6060
106.7983
109.3084
119.3188
121.2305
171.3958
176.5282
22.0870
24.3619
88.7119
93.8501
106.2746
108.5287
119.0849
121.3317
172.1773
177.3247
21.9104
24.1576
37.0926
87.7971
106.0347
108.0936
118.7014
121.1193
172.9500
178.0570
21.6714
24.1011
37.3585
70.8043
86.9231
107.7320
118.0905
120.6543
173.8250
178.6903
195.9780
21.3683
24.0467
37.5270
71.6862
107.8600
117.4617
119.9867
174.7038
179.4085
21.3428
24.0211
72.4636
101.7877
108.1269
116.8458
119.1886
128.9804
139.7210
175.5099
180.2532
21.4936
24.1033
101.9513
115.7949
118.3431
149.1311
176.1659
181.2266
21.7614
24.2309
101.7867
117.5386
124.7043
150.5094
153.6097
176.9481
182.1971
247.3292
21.8671
24.3656
100.9593
113.9344
117.0265
151.3739
153.7231
177.7852
183.0752
247.7703
24.2182
113.4463
116.4904
152.1636
178.6246
183.7697
23.8292
105.3623
112.8689
116.0049
152.6940
159.5529
179.5691
184.4752
23.8682
101.1567
105.1633
112.3646
115.3831
153.0141
180.5506
215.8739
24.2154
100.0176
104.9016
111.8507
114.7078
153.2697
158.3086
181.5795
190.6442
216.2837
96.9136
98.9151
105.3062
111.6025
114.0990
154.7025
158.8620
182.6666
186.3487
190.4024
216.7646
96.1084
98.0808
105.4475
111.5815
113.7569
159.1157
183.3519
187.1464
193.1200
217.2745
245.7582
95.5115
105.4933
111.3631
113.6874
157.2181
159.6430
181.5405
183.8451
188.1293
245.0448
19.4390
21.8195
105.8290
111.2424
113.6034
157.9823
160.6601
182.1843
184.4817
189.1660
244.1355
19.5115
22.1039
95.7492
111.5139
113.6077
179.7396
182.5726
185.3248
190.0132
243.1197
19.9248
22.6295
95.2418
111.6940
113.6017
163.5865
180.4517
182.9212
186.1449
190.8152
209.4624
242.3463
20.6238
23.2945
94.3130
111.9106
113.7725
180.9572
183.4265
186.9996
191.7509
210.2815
21.1125
23.7431
93.6187
105.8997
113.9255
162.3642
164.7579
181.4405
183.9380
187.8122
192.6839
206.0242
210.8312
21.5536
112.0548
114.1240
163.0975
165.2043
181.8867
184.4255
188.5919
193.3922
206.1391
210.9706
21.8920
39.5195
90.4456
112.3369
114.4275
139.0534
163.3818
165.6503
182.3571
184.8479
189.3733
194.0286
22.1868
39.9965
86.4668
89.0547
112.8286
114.7023
139.8163
163.6448
165.7258
182.6123
185.2876
190.2326
40.3689
85.6526
88.1972
107.8927
114.9973
140.7867
163.8558
165.8596
183.2450
185.6699
191.0959
87.3579
113.4381
115.1435
164.2306
166.1294
183.6602
186.2021
191.9492
86.6043
113.4572
115.3459
167.0006
184.1817
186.8463
192.6633
198.7549
72.8621
82.4832
85.9231
113.4369
115.6346
147.0153
160.8451
184.8269
187.6516
193.3287
197.5689
72.3541
85.0617
113.3874
115.5718
121.2864
146.2773
160.9367
165.7070
171.4367
185.5269
188.3341
193.9907
197.3230
205.3237
239.4964
71.9336
76.6195
80.8086
113.3519
115.4851
121.4703
146.1723
160.8190
162.9948
166.1032
168.5622
172.1938
186.1280
188.8860
194.6527
197.7284
238.2725
76.0914
81.3358
113.4018
115.5174
122.0483
145.8662
160.4312
162.4597
166.2235
168.3868
186.6684
189.2794
195.2264
198.2634
230.9906
234.0877
238.3921
241.5497
20.7503
22.7910
75.5826
81.1087
113.4948
115.5715
122.7134
159.7777
166.4780
168.5798
187.1209
189.7896
195.7096
198.7413
230.8146
233.6923
239.0281
241.7111
20.7179
22.9607
75.4200
88.2660
113.6173
115.6628
123.0356
136.2697
144.1422
159.2122
166.9757
169.4287
187.6844
190.4453
196.0354
199.1786
230.8540
233.3402
241.2866
20.6824
23.0974
75.4418
87.5817
113.6624
115.8740
123.4752
143.4766
158.7064
167.4104
170.4605
188.3930
191.2134
196.3516
199.6772
230.7520
244.0772
21.0150
23.5837
75.9997
86.8059
113.6014
115.8273
123.9413
158.3455
189.1406
191.9366
196.7520
200.1768
230.7145
243.8077
21.4626
76.6599
86.3594
113.5183
115.6652
157.7162
176.1698
190.0265
192.6745
197.2848
200.7070
77.5663
85.7670
113.4254
115.3940
190.8610
193.5386
197.8773
201.1978
77.6446
86.7373
113.4129
115.1573
191.7111
194.5055
198.4847
201.6870
76.1876
87.1175
113.3335
115.2921
175.3783
192.5618
199.0867
202.0602
87.0852
99.0276
113.3906
115.4836
176.0790
193.4018
199.6234
202.3898
21.8238
24.5312
81.4804
86.6379
113.5639
115.7295
161.8768
176.7872
194.3545
199.9840
202.7217
21.9012
25.0012
81.3326
85.9982
113.8366
115.8777
161.6252
195.1834
199.8194
203.0369
21.5388
25.2029
74.6844
85.3797
114.0932
116.0483
160.9854
170.8937
199.9246
203.2155
22.0698
24.8117
73.8554
76.0089
106.1206
114.2656
116.1078
181.1600
199.3176
203.2316
22.3910
24.4692
61.0874
64.6748
73.3275
75.9618
105.6449
114.4436
116.2759
159.4330
199.3104
203.4213
61.0024
64.8547
72.9663
76.0521
104.9065
114.5254
116.5036
158.5331
200.1022
203.8415
24.6748
60.8945
65.5384
73.2979
76.3241
114.5965
116.9212
200.7397
204.6093
24.5880
60.9106
65.9431
74.0003
76.8202
114.8042
117.3865
200.8726
205.9701
222.3965
22.3116
24.1753
61.0374
66.0082
74.5209
97.0304
115.4592
117.9485
184.4017
186.2053
201.0641
204.4418
222.9461
22.1612
23.9996
35.2330
61.2959
65.2728
97.2329
116.2211
118.5333
184.8381
186.9688
201.1975
204.7947
209.6450
222.9642
21.9458
23.6080
74.5473
77.2932
96.8395
99.1555
108.4366
111.6409
116.7644
119.1152
150.5973
185.3105
187.6468
201.5072
204.5680
209.6891
21.2133
74.1495
77.3904
95.6082
98.4824
108.0455
112.1616
117.2566
119.5190
150.2725
153.5848
185.6265
188.2152
201.8148
204.7400
207.5628
210.3338
20.1807
73.4845
77.8211
107.8347
112.6760
117.7321
119.7178
150.0972
153.0251
168.2468
186.5665
188.6552
202.1910
205.1623
208.3261
211.0632
19.1618
73.2489
78.1421
89.8558
107.9274
112.6817
119.8045
149.9524
152.4511
167.3252
186.4701
189.4739
202.5593
205.5356
209.0232
211.8032
19.4942
72.9003
78.2921
90.2788
94.5481
108.3510
118.1381
120.0247
149.6299
166.2754
172.8175
190.8890
202.8259
205.7461
209.6807
212.5383
19.8819
72.9343
78.1059
90.8240
93.2004
108.3315
118.3578
120.2956
170.3825
178.5849
190.7542
202.7915
205.8526
210.3813
213.2651
73.3493
77.7087
107.6569
118.6037
120.5843
166.6114
170.9230
190.6949
202.5889
205.9553
211.0853
213.8211
45.9587
73.9125
77.2665
107.2218
118.7914
120.8615
166.6990
170.5765
190.5615
202.7528
206.1329
211.7569
214.2424
45.5394
50.7329
107.2098
118.9315
121.0964
165.7217
203.1848
206.3540
212.3751
214.7681
45.4941
51.2968
107.8593
118.9926
121.1863
189.5335
191.1181
203.3926
206.5699
213.0298
215.3555
45.8222
50.6526
108.8371
119.0014
121.1377
189.3356
191.4422
203.6757
206.7951
213.6317
216.0385
119.0327
121.3847
150.1568
189.4132
191.2471
199.1565
203.9313
206.9848
214.3198
216.6935
119.0071
121.3029
151.9210
188.9273
190.9151
196.3512
198.3886
204.1346
207.2640
215.1047
217.3375
118.9774
121.4486
188.3003
190.6486
197.7621
204.4406
207.5197
215.8418
217.9204
90.0611
119.1089
121.5289
187.9587
190.5031
197.2414
204.8323
207.8495
216.3739
218.6135
84.9832
89.6402
119.4632
121.7290
187.5422
196.3629
205.2938
208.0288
216.6857
219.1758
88.9734
119.5545
121.8744
195.3669
205.7195
208.1209
216.9774
219.6855
75.8908
119.5954
121.9417
206.1455
208.3078
217.3378
220.1148
75.0960
77.8619
119.6392
122.0233
158.1453
206.4469
208.8186
217.9147
220.6695
74.3143
77.7998
120.0693
122.2558
154.7335
159.0318
168.3956
206.7328
209.0873
218.5557
221.2906
73.8420
78.0140
120.7241
122.7202
155.3033
159.5259
169.2123
190.9656
206.9783
209.3436
219.1731
221.9352
73.8853
78.2404
121.3659
123.3276
155.9907
159.8805
169.2030
191.0428
207.2270
209.5299
219.7779
222.5370
74.6130
77.5650
121.8364
124.0790
156.5696
160.0596
207.4564
209.8482
220.4175
223.0702
108.2232
122.3481
124.7176
157.2238
160.3003
178.6400
191.8309
207.5680
210.2432
220.9328
223.5723
106.7819
122.9309
125.1770
157.7712
160.0119
207.7428
210.5606
221.4616
224.1019
123.6570
125.5722
207.8972
210.7843
222.0097
224.6193
104.5980
124.2483
178.2268
208.1846
210.9620
222.6635
225.2554
124.6951
126.5447
208.3833
211.1378
223.3219
226.0207
5.9261
125.0533
127.1594
208.5350
211.3029
224.0041
226.7138
60.9709
125.5101
127.7013
174.4009
208.6996
211.4482
224.6809
227.3678
60.7641
64.1400
125.9760
128.2999
173.8248
175.7033
208.9276
211.5485
225.2144
227.9299
60.6374
64.9325
126.6894
128.8678
173.5003
175.5570
209.1746
211.7281
225.7555
60.7825
65.7288
126.8849
129.4379
132.6584
147.7758
173.2345
175.3571
209.3157
211.9766
226.4573
230.1683
61.3794
66.5453
73.2953
76.6873
87.0732
127.1795
129.7239
147.2910
172.7270
174.8598
209.3326
212.2315
226.9080
230.3504
61.8207
67.2759
72.5738
77.3454
86.9328
127.3781
129.8394
147.8609
172.0431
174.1999
209.2109
212.3622
227.2031
230.5231
62.2206
67.1531
73.0572
77.1965
86.7307
115.2260
127.9842
148.5858
171.2679
173.3952
209.2299
212.1492
227.2109
229.6564
6.0756
62.1868
76.4772
86.1729
115.3118
128.5884
130.7069
170.7054
172.7595
209.2712
212.1389
227.1100
229.4558
6.1989
62.6184
86.0888
129.2039
131.4500
170.0028
172.0118
209.4815
212.1720
227.1426
229.4149
6.4416
102.9447
129.6058
131.9797
169.4541
171.4959
209.7257
212.3412
227.1411
229.6333
6.0766
103.7745
108.7521
130.1872
132.3496
168.7141
182.3220
209.9071
212.5678
227.1637
229.8395
102.8308
109.6584
130.6722
132.7338
167.9143
170.2876
178.9969
182.8324
210.0839
213.0964
227.1860
230.0850
103.2229
108.7675
131.0024
133.2993
163.3991
178.0683
183.2839
210.2323
213.6351
227.2492
230.1424
103.4154
131.3426
134.0371
154.1761
163.7285
168.4831
179.0160
183.1221
210.3667
214.1390
227.3292
230.1468
246.3691
131.5344
134.9861
163.4337
210.3734
213.4927
227.2782
229.9861
246.8044
128.2869
135.9516
167.3964
210.2682
213.2903
218.9456
227.1993
229.6305
247.1989
128.0961
130.6135
136.7024
145.2685
210.1513
213.2491
227.1171
229.3219
247.4634
127.3511
129.8963
135.2508
165.3923
210.0750
213.1788
221.9010
226.9078
228.9841
247.3269
126.7775
129.3370
135.8356
161.6760
172.0734
210.0366
213.1595
222.6452
226.6285
228.6885
126.3997
128.9869
136.6372
162.1209
171.5536
209.9598
212.9244
226.1247
228.3929
245.4617
12.1782
125.9639
136.7905
141.4369
161.9636
209.8733
212.7651
226.0299
228.0953
13.1528
125.3392
127.6657
136.3698
142.2114
161.3198
209.7814
212.6915
225.7995
227.7828
124.2964
126.7525
143.0369
160.5524
209.7385
212.7554
225.4478
227.6797
123.5603
126.1915
138.0855
141.4188
143.7802
159.5919
194.7953
209.7090
212.8081
225.0115
227.7329
137.8516
142.1179
144.5653
195.0448
209.6241
212.9028
224.8110
228.2901
134.8743
137.6552
142.9211
145.0828
156.9982
195.2334
209.4167
212.9517
224.6936
230.5064
134.7194
137.6748
143.6180
145.6956
155.7708
209.8112
212.9860
224.5863
226.4026
230.7350
134.8574
137.7391
144.2202
146.3239
200.3773
209.8484
213.0901
224.6189
226.3997
231.3316
135.3806
137.8704
144.9536
147.0585
199.6541
207.2693
210.1122
213.1982
224.4369
226.4481
230.1851
232.1032
93.8267
137.6697
145.7954
147.6378
199.7604
206.5856
210.5936
213.3560
223.9467
226.1991
230.8769
93.4484
136.4470
146.5722
148.1964
199.1605
206.4393
210.9369
213.5369
223.5862
225.9462
231.5912
50.0000
51.0000
57.0000
59.0000
60.0000
61.0000
62.0000
63.0000
64.0000
118.0000
119.0000
178.0000
182.0000
183.0000
115.0000
116.0000
117.0000
177.0000
181.0000
5.0000
6.0000
113.0000
114.0000
122.0000
123.0000
124.0000
125.0000
126.0000
127.0000
128.0000
141.0000
142.0000
176.0000
180.0000
7.0000
8.0000
20.0000
51.0000
52.0000
111.0000
112.0000
118.0000
119.0000
120.0000
121.0000
174.0000
175.0000
179.0000
9.0000
10.0000
43.0000
46.0000
47.0000
50.0000
65.0000
66.0000
67.0000
110.0000
115.0000
116.0000
117.0000
172.0000
173.0000
178.0000
4.0000
11.0000
44.0000
45.0000
49.0000
68.0000
108.0000
109.0000
113.0000
114.0000
170.0000
171.0000
176.0000
177.0000
48.0000
69.0000
107.0000
112.0000
168.0000
169.0000
175.0000
9.0000
12.0000
13.0000
41.0000
42.0000
70.0000
71.0000
105.0000
106.0000
110.0000
111.0000
166.0000
167.0000
172.0000
173.0000
174.0000
10.0000
18.0000
19.0000
35.0000
36.0000
40.0000
72.0000
86.0000
87.0000
88.0000
89.0000
90.0000
91.0000
92.0000
93.0000
94.0000
104.0000
108.0000
109.0000
165.0000
170.0000
171.0000
11.0000
33.0000
34.0000
47.0000
48.0000
49.0000
50.0000
51.0000
52.0000
53.0000
54.0000
55.0000
73.0000
74.0000
82.0000
83.0000
84.0000
95.0000
96.0000
97.0000
98.0000
99.0000
100.0000
101.0000
102.0000
103.0000
168.0000
169.0000
12.0000
13.0000
14.0000
29.0000
30.0000
31.0000
32.0000
56.0000
57.0000
76.0000
80.0000
81.0000
27.0000
28.0000
58.0000
77.0000
78.0000
79.0000
89.0000
90.0000
91.0000
92.0000
93.0000
94.0000
104.0000
105.0000
247.0000
248.0000
249.0000
250.0000
251.0000
26.0000
43.0000
54.0000
55.0000
59.0000
60.0000
66.0000
95.0000
96.0000
97.0000
162.0000
243.0000
244.0000
245.0000
246.0000
13.0000
24.0000
25.0000
38.0000
39.0000
40.0000
41.0000
42.0000
44.0000
45.0000
50.0000
51.0000
56.0000
57.0000
61.0000
62.0000
63.0000
64.0000
65.0000
161.0000
238.0000
239.0000
240.0000
241.0000
242.0000
23.0000
36.0000
37.0000
46.0000
52.0000
58.0000
159.0000
160.0000
235.0000
236.0000
237.0000
247.0000
248.0000
249.0000
250.0000
251.0000
20.0000
21.0000
22.0000
53.0000
54.0000
59.0000
60.0000
66.0000
67.0000
158.0000
163.0000
232.0000
233.0000
234.0000
243.0000
244.0000
245.0000
246.0000
12.0000
13.0000
31.0000
32.0000
55.0000
61.0000
62.0000
63.0000
64.0000
65.0000
95.0000
96.0000
97.0000
157.0000
230.0000
231.0000
238.0000
239.0000
240.0000
241.0000
242.0000
14.0000
28.0000
29.0000
30.0000
56.0000
57.0000
156.0000
160.0000
227.0000
228.0000
229.0000
235.0000
236.0000
237.0000
27.0000
46.0000
47.0000
58.0000
155.0000
159.0000
225.0000
226.0000
232.0000
233.0000
234.0000
45.0000
59.0000
153.0000
154.0000
158.0000
221.0000
222.0000
223.0000
224.0000
230.0000
231.0000
10.0000
11.0000
12.0000
24.0000
30.0000
31.0000
42.0000
43.0000
44.0000
60.0000
61.0000
62.0000
73.0000
74.0000
75.0000
76.0000
100.0000
101.0000
102.0000
152.0000
157.0000
219.0000
220.0000
227.0000
228.0000
229.0000
6.0000
7.0000
8.0000
9.0000
13.0000
14.0000
23.0000
25.0000
26.0000
27.0000
28.0000
29.0000
40.0000
41.0000
49.0000
50.0000
51.0000
63.0000
64.0000
65.0000
66.0000
67.0000
68.0000
69.0000
70.0000
71.0000
72.0000
77.0000
78.0000
79.0000
80.0000
81.0000
151.0000
155.0000
156.0000
217.0000
218.0000
225.0000
226.0000
5.0000
15.0000
16.0000
35.0000
36.0000
37.0000
38.0000
39.0000
47.0000
48.0000
82.0000
83.0000
84.0000
107.0000
108.0000
154.0000
215.0000
216.0000
221.0000
222.0000
223.0000
52.0000
53.0000
54.0000
85.0000
86.0000
87.0000
100.0000
101.0000
102.0000
109.0000
110.0000
111.0000
112.0000
213.0000
214.0000
219.0000
220.0000
227.0000
228.0000
11.0000
12.0000
88.0000
89.0000
90.0000
105.0000
113.0000
114.0000
115.0000
211.0000
212.0000
217.0000
218.0000
226.0000
9.0000
10.0000
61.0000
62.0000
63.0000
91.0000
92.0000
93.0000
106.0000
107.0000
108.0000
171.0000
172.0000
173.0000
174.0000
203.0000
204.0000
205.0000
206.0000
207.0000
208.0000
209.0000
215.0000
216.0000
7.0000
8.0000
13.0000
32.0000
33.0000
34.0000
45.0000
46.0000
64.0000
65.0000
94.0000
95.0000
96.0000
109.0000
120.0000
121.0000
122.0000
123.0000
169.0000
170.0000
199.0000
200.0000
201.0000
202.0000
213.0000
214.0000
11.0000
12.0000
16.0000
17.0000
44.0000
48.0000
52.0000
53.0000
66.0000
67.0000
68.0000
69.0000
70.0000
71.0000
72.0000
73.0000
74.0000
75.0000
76.0000
97.0000
98.0000
99.0000
100.0000
197.0000
198.0000
210.0000
211.0000
212.0000
225.0000
226.0000
227.0000
228.0000
4.0000
5.0000
9.0000
10.0000
15.0000
54.0000
77.0000
78.0000
79.0000
80.0000
101.0000
102.0000
103.0000
195.0000
196.0000
203.0000
204.0000
205.0000
206.0000
207.0000
208.0000
20.0000
21.0000
22.0000
50.0000
51.0000
58.0000
63.0000
64.0000
81.0000
82.0000
104.0000
105.0000
168.0000
169.0000
170.0000
171.0000
172.0000
173.0000
183.0000
193.0000
194.0000
199.0000
200.0000
201.0000
202.0000
38.0000
59.0000
65.0000
66.0000
83.0000
84.0000
85.0000
86.0000
106.0000
107.0000
108.0000
179.0000
180.0000
181.0000
182.0000
184.0000
185.0000
186.0000
192.0000
197.0000
198.0000
7.0000
8.0000
9.0000
39.0000
40.0000
60.0000
87.0000
88.0000
89.0000
90.0000
109.0000
110.0000
111.0000
191.0000
195.0000
196.0000
4.0000
5.0000
6.0000
11.0000
41.0000
61.0000
62.0000
69.0000
91.0000
92.0000
93.0000
112.0000
113.0000
189.0000
190.0000
194.0000
211.0000
42.0000
43.0000
44.0000
45.0000
63.0000
64.0000
70.0000
71.0000
72.0000
94.0000
95.0000
96.0000
114.0000
115.0000
116.0000
188.0000
210.0000
65.0000
66.0000
73.0000
74.0000
75.0000
97.0000
98.0000
99.0000
100.0000
117.0000
118.0000
119.0000
187.0000
67.0000
76.0000
77.0000
78.0000
79.0000
101.0000
102.0000
103.0000
104.0000
120.0000
121.0000
122.0000
123.0000
124.0000
125.0000
181.0000
182.0000
183.0000
186.0000
68.0000
69.0000
70.0000
80.0000
81.0000
82.0000
105.0000
106.0000
126.0000
127.0000
128.0000
185.0000
71.0000
83.0000
84.0000
85.0000
107.0000
108.0000
129.0000
130.0000
209.0000
210.0000
211.0000
9.0000
72.0000
73.0000
86.0000
87.0000
109.0000
110.0000
131.0000
132.0000
190.0000
8.0000
74.0000
75.0000
76.0000
77.0000
78.0000
79.0000
88.0000
89.0000
111.0000
112.0000
113.0000
114.0000
115.0000
116.0000
133.0000
134.0000
135.0000
188.0000
189.0000
232.0000
80.0000
81.0000
82.0000
90.0000
91.0000
117.0000
118.0000
119.0000
120.0000
136.0000
180.0000
230.0000
231.0000
233.0000
234.0000
83.0000
84.0000
85.0000
92.0000
93.0000
121.0000
122.0000
123.0000
124.0000
137.0000
138.0000
143.0000
178.0000
179.0000
183.0000
184.0000
74.0000
86.0000
87.0000
94.0000
95.0000
125.0000
126.0000
127.0000
139.0000
140.0000
141.0000
151.0000
152.0000
153.0000
176.0000
177.0000
181.0000
182.0000
185.0000
186.0000
188.0000
189.0000
8.0000
9.0000
70.0000
71.0000
88.0000
89.0000
96.0000
128.0000
129.0000
150.0000
154.0000
155.0000
173.0000
174.0000
175.0000
187.0000
230.0000
231.0000
232.0000
4.0000
7.0000
90.0000
91.0000
97.0000
130.0000
131.0000
132.0000
172.0000
178.0000
179.0000
233.0000
234.0000
92.0000
93.0000
98.0000
99.0000
133.0000
134.0000
135.0000
159.0000
171.0000
176.0000
177.0000
6.0000
18.0000
19.0000
76.0000
77.0000
94.0000
136.0000
137.0000
145.0000
146.0000
157.0000
158.0000
174.0000
175.0000
13.0000
14.0000
15.0000
67.0000
68.0000
73.0000
74.0000
95.0000
96.0000
101.0000
138.0000
139.0000
147.0000
168.0000
172.0000
173.0000
16.0000
65.0000
66.0000
69.0000
70.0000
71.0000
72.0000
102.0000
140.0000
148.0000
167.0000
171.0000
103.0000
141.0000
149.0000
155.0000
166.0000
170.0000
9.0000
19.0000
20.0000
21.0000
22.0000
56.0000
57.0000
58.0000
61.0000
99.0000
104.0000
112.0000
142.0000
143.0000
150.0000
156.0000
157.0000
158.0000
164.0000
165.0000
168.0000
246.0000
247.0000
8.0000
11.0000
12.0000
23.0000
24.0000
53.0000
54.0000
55.0000
95.0000
96.0000
100.0000
101.0000
144.0000
151.0000
162.0000
163.0000
167.0000
199.0000
248.0000
249.0000
250.0000
7.0000
25.0000
49.0000
50.0000
51.0000
52.0000
102.0000
145.0000
152.0000
153.0000
161.0000
166.0000
198.0000
26.0000
48.0000
146.0000
154.0000
165.0000
27.0000
28.0000
43.0000
44.0000
45.0000
46.0000
47.0000
108.0000
147.0000
148.0000
155.0000
156.0000
163.0000
169.0000
170.0000
171.0000
172.0000
211.0000
212.0000
213.0000
29.0000
30.0000
31.0000
32.0000
33.0000
34.0000
35.0000
36.0000
37.0000
38.0000
39.0000
40.0000
41.0000
42.0000
95.0000
109.0000
149.0000
157.0000
158.0000
198.0000
199.0000
247.0000
248.0000
249.0000
250.0000
24.0000
25.0000
48.0000
49.0000
50.0000
110.0000
150.0000
159.0000
26.0000
51.0000
71.0000
111.0000
151.0000
152.0000
69.0000
70.0000
112.0000
153.0000
210.0000
211.0000
212.0000
213.0000
214.0000
62.0000
63.0000
64.0000
154.0000
155.0000
162.0000
48.0000
49.0000
50.0000
51.0000
65.0000
94.0000
156.0000
163.0000
164.0000
41.0000
66.0000
98.0000
99.0000
157.0000
158.0000
165.0000
189.0000
190.0000
191.0000
192.0000
193.0000
194.0000
195.0000
31.0000
32.0000
33.0000
38.0000
39.0000
40.0000
96.0000
97.0000
111.0000
116.0000
159.0000
166.0000
187.0000
188.0000
26.0000
34.0000
35.0000
36.0000
37.0000
112.0000
113.0000
117.0000
160.0000
167.0000
114.0000
118.0000
161.0000
162.0000
168.0000
119.0000
163.0000
169.0000
189.0000
190.0000
191.0000
25.0000
40.0000
41.0000
116.0000
120.0000
121.0000
164.0000
165.0000
38.0000
39.0000
117.0000
122.0000
166.0000
123.0000
124.0000
161.0000
162.0000
163.0000
190.0000
191.0000
192.0000
31.0000
32.0000
125.0000
126.0000
127.0000
193.0000
33.0000
34.0000
35.0000
128.0000
129.0000
36.0000
52.0000
122.0000
123.0000
124.0000
130.0000
131.0000
132.0000
162.0000
163.0000
31.0000
50.0000
51.0000
91.0000
125.0000
126.0000
127.0000
133.0000
134.0000
135.0000
136.0000
137.0000
138.0000
139.0000
140.0000
141.0000
144.0000
145.0000
146.0000
147.0000
148.0000
149.0000
150.0000
151.0000
152.0000
153.0000
154.0000
155.0000
38.0000
128.0000
129.0000
142.0000
143.0000
156.0000
157.0000
158.0000
159.0000
224.0000
225.0000
226.0000
227.0000
228.0000
229.0000
230.0000
231.0000
232.0000
233.0000
234.0000
235.0000
236.0000
39.0000
40.0000
130.0000
131.0000
132.0000
160.0000
161.0000
220.0000
221.0000
222.0000
223.0000
237.0000
238.0000
239.0000
240.0000
241.0000
242.0000
243.0000
244.0000
41.0000
92.0000
93.0000
133.0000
134.0000
135.0000
136.0000
137.0000
138.0000
144.0000
145.0000
146.0000
147.0000
150.0000
151.0000
152.0000
153.0000
154.0000
155.0000
162.0000
163.0000
164.0000
211.0000
212.0000
213.0000
214.0000
215.0000
216.0000
217.0000
218.0000
219.0000
245.0000
246.0000
247.0000
248.0000
249.0000
90.0000
91.0000
139.0000
140.0000
141.0000
142.0000
143.0000
148.0000
149.0000
156.0000
157.0000
158.0000
165.0000
208.0000
209.0000
210.0000
224.0000
225.0000
226.0000
227.0000
228.0000
229.0000
230.0000
231.0000
232.0000
233.0000
234.0000
235.0000
236.0000
250.0000
251.0000
89.0000
159.0000
160.0000
161.0000
166.0000
167.0000
205.0000
206.0000
207.0000
220.0000
221.0000
222.0000
223.0000
237.0000
238.0000
239.0000
240.0000
241.0000
242.0000
243.0000
244.0000
151.0000
152.0000
162.0000
163.0000
168.0000
169.0000
201.0000
202.0000
203.0000
204.0000
212.0000
213.0000
214.0000
215.0000
216.0000
217.0000
218.0000
219.0000
245.0000
246.0000
247.0000
248.0000
249.0000
116.0000
153.0000
164.0000
165.0000
170.0000
196.0000
197.0000
198.0000
199.0000
208.0000
209.0000
210.0000
211.0000
251.0000
115.0000
149.0000
166.0000
167.0000
171.0000
172.0000
193.0000
194.0000
195.0000
205.0000
206.0000
207.0000
168.0000
173.0000
191.0000
192.0000
200.0000
201.0000
202.0000
203.0000
204.0000
98.0000
99.0000
100.0000
169.0000
170.0000
174.0000
190.0000
196.0000
197.0000
198.0000
199.0000
103.0000
155.0000
171.0000
175.0000
176.0000
188.0000
189.0000
193.0000
194.0000
195.0000
102.0000
156.0000
157.0000
172.0000
173.0000
177.0000
185.0000
186.0000
187.0000
191.0000
192.0000
174.0000
178.0000
154.0000
175.0000
179.0000
155.0000
156.0000
176.0000
180.0000
181.0000
98.0000
177.0000
94.0000
97.0000
158.0000
178.0000
179.0000
93.0000
159.0000
162.0000
92.0000
160.0000
163.0000
209.0000
90.0000
91.0000
161.0000
89.0000
88.0000
92.0000
87.0000
91.0000
227.0000
229.0000
230.0000
231.0000
195.0000
199.0000
200.0000
201.0000
202.0000
203.0000
204.0000
205.0000
206.0000
207.0000
208.0000
209.0000
210.0000
211.0000
212.0000
213.0000
222.0000
223.0000
224.0000
225.0000
226.0000
232.0000
233.0000
234.0000
235.0000
236.0000
237.0000
238.0000
239.0000
77.0000
196.0000
197.0000
198.0000
214.0000
215.0000
216.0000
217.0000
218.0000
219.0000
220.0000
221.0000
240.0000
241.0000
83.0000
84.0000
85.0000
150.0000
151.0000
227.0000
228.0000
229.0000
230.0000
231.0000
242.0000
243.0000
105.0000
147.0000
148.0000
149.0000
162.0000
179.0000
199.0000
200.0000
201.0000
202.0000
203.0000
204.0000
205.0000
206.0000
207.0000
208.0000
209.0000
210.0000
211.0000
212.0000
213.0000
222.0000
223.0000
224.0000
225.0000
226.0000
232.0000
233.0000
234.0000
235.0000
236.0000
237.0000
238.0000
239.0000
244.0000
245.0000
246.0000
247.0000
248.0000
249.0000
250.0000
104.0000
123.0000
124.0000
168.0000
169.0000
170.0000
171.0000
177.0000
178.0000
214.0000
215.0000
216.0000
217.0000
218.0000
219.0000
220.0000
221.0000
240.0000
251.0000
78.0000
79.0000
80.0000
81.0000
103.0000
125.0000
126.0000
165.0000
241.0000
242.0000
243.0000
82.0000
244.0000
245.0000
246.0000
247.0000
248.0000
249.0000
250.0000
251.0000
86.0000
87.0000
145.0000
80.0000
240.0000
79.0000
241.0000
242.0000
5.0000
77.0000
78.0000
134.0000
168.0000
174.0000
175.0000
98.0000
125.0000
126.0000
162.0000
169.0000
170.0000
245.0000
246.0000
96.0000
97.0000
160.0000
161.0000
171.0000
4.0000
5.0000
6.0000
159.0000
174.0000
175.0000
7.0000
8.0000
80.0000
196.0000
9.0000
79.0000
197.0000
24.0000
96.0000
97.0000
98.0000
198.0000
78.0000
178.0000
179.0000
199.0000
77.0000
82.0000
83.0000
84.0000
85.0000
180.0000
196.0000
160.0000
197.0000
62.0000
63.0000
159.0000
198.0000
64.0000
104.0000
211.0000
212.0000
213.0000
214.0000
102.0000
103.0000
206.0000
215.0000
216.0000
75.0000
107.0000
207.0000
217.0000
220.0000
221.0000
222.0000
104.0000
105.0000
106.0000
208.0000
209.0000
211.0000
212.0000
213.0000
100.0000
101.0000
103.0000
214.0000
215.0000
216.0000
62.0000
63.0000
64.0000
65.0000
109.0000
110.0000
111.0000
206.0000
217.0000
219.0000
220.0000
221.0000
222.0000
245.0000
75.0000
76.0000
168.0000
169.0000
170.0000
171.0000
172.0000
207.0000
98.0000
96.0000
97.0000
182.0000
183.0000
184.0000
191.0000
194.0000
95.0000
111.0000
112.0000
176.0000
177.0000
178.0000
179.0000
180.0000
181.0000
187.0000
195.0000
196.0000
93.0000
110.0000
137.0000
138.0000
139.0000
140.0000
174.0000
175.0000
185.0000
186.0000
188.0000
197.0000
198.0000
21.0000
45.0000
46.0000
47.0000
48.0000
77.0000
92.0000
142.0000
148.0000
172.0000
173.0000
183.0000
184.0000
193.0000
49.0000
50.0000
74.0000
75.0000
76.0000
168.0000
169.0000
177.0000
178.0000
180.0000
181.0000
182.0000
194.0000
195.0000
196.0000
135.0000
136.0000
137.0000
138.0000
139.0000
140.0000
141.0000
165.0000
175.0000
176.0000
197.0000
198.0000
142.0000
143.0000
144.0000
145.0000
152.0000
153.0000
154.0000
155.0000
163.0000
164.0000
171.0000
172.0000
173.0000
174.0000
201.0000
109.0000
146.0000
147.0000
148.0000
149.0000
156.0000
157.0000
158.0000
159.0000
161.0000
162.0000
166.0000
167.0000
168.0000
169.0000
170.0000
46.0000
47.0000
48.0000
49.0000
50.0000
110.0000
160.0000
165.0000
197.0000
152.0000
153.0000
154.0000
155.0000
164.0000
87.0000
88.0000
89.0000
156.0000
157.0000
158.0000
159.0000
161.0000
162.0000
163.0000
195.0000
86.0000
160.0000
194.0000
210.0000
211.0000
114.0000
115.0000
189.0000
190.0000
193.0000
192.0000
85.0000
86.0000
87.0000
88.0000
89.0000
156.0000
190.0000
191.0000
195.0000
213.0000
214.0000
248.0000
249.0000
250.0000
251.0000
157.0000
158.0000
187.0000
188.0000
189.0000
193.0000
194.0000
212.0000
185.0000
186.0000
192.0000
111.0000
183.0000
184.0000
249.0000
250.0000
114.0000
181.0000
182.0000
187.0000
188.0000
189.0000
251.0000
112.0000
166.0000
167.0000
168.0000
180.0000
185.0000
186.0000
75.0000
76.0000
77.0000
78.0000
111.0000
158.0000
178.0000
183.0000
184.0000
110.0000
173.0000
174.0000
176.0000
177.0000
181.0000
182.0000
109.0000
164.0000
165.0000
166.0000
167.0000
168.0000
169.0000
170.0000
171.0000
172.0000
175.0000
180.0000
108.0000
152.0000
153.0000
154.0000
155.0000
156.0000
157.0000
158.0000
160.0000
161.0000
162.0000
163.0000
106.0000
107.0000
146.0000
147.0000
148.0000
149.0000
150.0000
173.0000
174.0000
175.0000
177.0000
178.0000
105.0000
143.0000
144.0000
145.0000
164.0000
165.0000
166.0000
167.0000
168.0000
169.0000
170.0000
171.0000
172.0000
250.0000
7.0000
62.0000
63.0000
90.0000
103.0000
141.0000
142.0000
151.0000
152.0000
153.0000
154.0000
155.0000
156.0000
157.0000
162.0000
163.0000
8.0000
91.0000
92.0000
101.0000
102.0000
136.0000
137.0000
138.0000
139.0000
140.0000
146.0000
147.0000
148.0000
149.0000
150.0000
158.0000
159.0000
160.0000
161.0000
93.0000
133.0000
134.0000
135.0000
143.0000
144.0000
145.0000
229.0000
230.0000
233.0000
234.0000
235.0000
236.0000
74.0000
75.0000
76.0000
77.0000
122.0000
123.0000
124.0000
132.0000
141.0000
142.0000
237.0000
238.0000
63.0000
118.0000
137.0000
240.0000
241.0000
92.0000
93.0000
94.0000
116.0000
117.0000
134.0000
135.0000
136.0000
232.0000
233.0000
234.0000
235.0000
236.0000
242.0000
243.0000
244.0000
245.0000
246.0000
247.0000
248.0000
249.0000
250.0000
251.0000
4.0000
90.0000
91.0000
120.0000
121.0000
122.0000
123.0000
124.0000
125.0000
238.0000
239.0000
5.0000
12.0000
73.0000
74.0000
75.0000
76.0000
89.0000
118.0000
119.0000
240.0000
241.0000
72.0000
88.0000
115.0000
116.0000
117.0000
242.0000
243.0000
244.0000
245.0000
246.0000
247.0000
248.0000
249.0000
250.0000
251.0000
63.0000
64.0000
65.0000
66.0000
67.0000
68.0000
69.0000
70.0000
71.0000
107.0000
108.0000
109.0000
105.0000
106.0000
179.0000
180.0000
181.0000
182.0000
4.0000
5.0000
159.0000
160.0000
161.0000
162.0000
163.0000
158.0000
167.0000
170.0000
108.0000
165.0000
166.0000
216.0000
104.0000
105.0000
106.0000
107.0000
144.0000
155.0000
178.0000
179.0000
180.0000
181.0000
182.0000
183.0000
217.0000
218.0000
129.0000
132.0000
133.0000
156.0000
157.0000
158.0000
159.0000
160.0000
161.0000
162.0000
220.0000
134.0000
216.0000
221.0000
138.0000
145.0000
217.0000
218.0000
243.0000
244.0000
139.0000
140.0000
164.0000
245.0000
141.0000
221.0000
12.0000
128.0000
137.0000
138.0000
166.0000
167.0000
168.0000
169.0000
170.0000
171.0000
139.0000
165.0000
222.0000
223.0000
15.0000
164.0000
16.0000
17.0000
163.0000
5.0000
6.0000
7.0000
8.0000
18.0000
19.0000
125.0000
126.0000
158.0000
162.0000
20.0000
21.0000
124.0000
161.0000
160.0000
200.0000
201.0000
202.0000
203.0000
204.0000
205.0000
206.0000
228.0000
157.0000
158.0000
159.0000
229.0000
