0.6236
0.7138
0.5900
0.2355
0.2085
0.1381
-0.0389
1.0861
0.2823
0.1745
-0.1750
-0.2642
0.4467
-0.2650
-0.0207
-0.0651
-0.2181
-0.1420
0.0840
0.0546
-0.0066
-0.1123
0.0749
-0.6016
-0.0121
-0.0058
-0.0347
0.2021
-0.0133
-0.3360
-0.2433
-0.1349
0.0644
0.1142
0.3549
0.0251
0.3130
0.2285
0.2087
-0.3353
0.1446
-0.2218
-0.0819
-0.3266
0.7682
0.3354
0.7513
0.6287
-0.4469
0.2410
0.0392
-0.1666
0.7498
-0.0248
-0.0160
0.0191
0.1122
0.3866
0.2049
0.1012
0.0655
0.4246
0.1586
-0.0445
0.5707
0.3134
-0.0194
0.2750
0.1111
0.0881
-0.0507
0.2050
0.2670
-0.0263
-0.4704
-0.0166
0.1071
0.0819
0.0823
-0.3328
-0.0531
-0.2582
-0.1176
0.4723
0.5496
-0.3358
0.7395
0.7491
0.0011
-0.3924
0.0526
0.1229
0.5187
0.0775
-0.1176
0.5510
-0.0010
0.1580
0.5668
0.6663
0.5730
-0.0073
0.3907
0.1085
0.0250
0.5365
-0.1699
-0.0719
2.8826
0.0327
0.0773
-0.0327
-0.6507
-0.0799
0.0674
0.0903
-0.2918
0.1534
-0.1060
-0.2852
-0.0309
0.0479
0.0658
-0.2011
0.0516
-0.1379
-0.1861
0.0903
0.2427
0.0174
0.0078
-0.4731
-0.7493
0.1885
0.0090
-0.0281
-0.0298
0.3291
0.0451
0.0147
-0.3462
-0.6064
-0.6031
0.1964
1.0507
0.0430
-0.6280
-0.3143
-0.0450
0.0661
-0.5784
-0.9940
0.0129
0.1119
0.1336
0.1430
-0.0433
0.5631
-0.2057
0.1759
-0.7516
0.1527
0.4582
-0.0831
0.7336
-0.4458
-0.1521
0.0929
0.1837
0.0226
-0.2790
-0.0183
0.1241
-0.2184
-0.0837
0.0456
-0.0254
0.0932
-0.0431
0.0146
-0.5103
0.3121
-0.0770
-0.1994
0.0966
0.1138
-0.1060
-0.3675
-0.2830
0.4326
0.1032
-0.1051
0.0896
0.1624
-0.2557
-0.0395
0.0570
0.0384
0.0131
-0.0281
-0.4764
-0.4261
-0.1431
1.0379
-0.1538
-0.0090
-0.2615
-0.0547
-0.0737
-0.0674
0.0265
-0.2677
-0.5216
0.0128
-0.1102
0.1844
0.1131
0.0688
-0.1924
-0.2171
-0.0326
-0.0015
-0.3233
-0.2417
0.0062
-0.3325
-0.0678
-0.1064
0.0546
0.0767
0.0804
-0.3076
0.0691
0.0418
-0.1374
0.0219
-0.4685
-0.3321
-0.2956
-0.1307
-0.1683
0.0186
0.1326
0.0920
0.0594
0.1208
-0.0681
-0.3344
-0.3763
-0.2855
-0.0801
-0.0289
0.0965
0.3902
-0.2517
-0.1487
0.1070
0.1998
-0.0781
0.0972
0.0268
-0.4724
0.0059
0.1594
-0.0383
0.3691
-0.0399
0.0670
0.0021
0.1053
-0.3318
0.0136
0.1984
-0.0337
0.8075
0.1582
-0.0542
-0.1895
-0.6648
-0.0815
0.2534
0.0617
0.1276
0.1015
0.2286
0.0729
-0.0655
-0.4367
-1.1598
-0.4629
0.2266
0.0698
0.0220
-0.1302
-0.2627
-0.0724
0.1517
-0.3588
-0.7002
-0.0913
-0.5149
0.0756
-0.0523
0.0679
0.3665
-0.0256
-0.1326
-0.1264
0.3335
0.2904
0.2207
0.1532
0.0967
0.2027
-0.7666
0.0140
-0.0600
0.2089
-0.1505
0.0545
-0.1042
0.1224
0.0754
0.1822
0.0605
0.4908
-0.4639
-0.0374
-0.0267
-0.0406
-0.1792
-0.1884
0.4144
0.2031
0.1650
-0.5751
0.0599
-0.5108
1.2990
-0.0715
-0.7405
0.2210
0.0977
0.3662
-1.1402
-0.1868
0.2585
-0.3962
0.2485
0.1434
0.0294
-0.0502
-0.2513
-0.3304
0.2447
0.1765
0.0947
0.0026
-0.0321
0.2165
-0.0376
-0.0238
-0.0229
-0.2354
0.3683
-0.1213
0.7552
0.1310
-0.1349
-0.3544
-0.0094
-0.3325
-0.0022
-0.1159
-0.5182
0.3383
-0.0278
0.2596
-0.0493
-0.9915
-0.1288
0.1013
-0.0030
-0.0618
-0.1217
-0.1109
-0.0636
-0.2502
-0.1588
0.1341
-0.0320
-0.0267
0.1406
-0.2063
0.3598
0.0402
-0.3052
0.1227
-0.0259
-0.0441
0.0025
-0.4489
0.0127
-0.1088
0.3512
0.0055
1.2692
-0.4200
0.1231
-0.0825
-0.3509
0.0884
0.0650
0.3310
0.1769
0.2279
-0.0172
0.4510
-0.3027
0.0884
0.3331
-0.3817
-0.7319
0.2948
0.1145
-0.1034
0.5705
0.0823
0.1363
0.5239
0.0097
-0.0708
-0.0265
0.0077
-0.2062
0.0389
-0.7769
-0.2258
-0.1387
0.0969
0.2425
-0.3336
0.7093
0.7195
0.8083
-0.0516
-0.0244
-0.2853
0.0747
-0.1054
-0.2541
-0.2894
-0.0509
0.0821
0.2285
0.3833
0.0890
0.5833
0.2938
-0.3729
0.0183
0.0095
0.0420
0.0879
0.2553
0.7586
-0.0956
-0.5435
-0.0054
-0.0098
0.2807
-0.2642
-0.2131
-0.0155
0.0367
-0.0915
-0.2669
-0.0168
-0.2340
-0.1445
-0.0578
-0.2205
-0.0131
-0.2797
0.3399
-0.1170
-0.1877
0.1527
-0.1107
-0.3978
0.0911
0.8702
0.0573
0.0115
-0.2299
-0.0125
0.0515
0.1763
0.1467
-0.0141
-0.0665
0.0263
0.2147
0.1348
-0.0783
0.2205
0.0201
-0.0708
-0.0763
-0.1489
0.2390
0.1214
-0.4589
-0.0465
0.1333
-0.0479
0.0954
0.2069
-0.1307
-0.2116
0.0782
0.3759
0.1305
-0.0104
0.0521
0.1210
-0.3255
0.1315
0.0470
0.1282
0.0337
0.0241
0.5791
-0.1135
-0.1898
-0.1029
0.0723
-0.0331
0.0381
-0.2244
0.0912
0.0670
-0.1085
0.1202
-0.0815
0.2360
-0.1041
0.0408
-0.4148
0.0529
-0.1940
-0.0503
-0.0432
0.2612
-0.0960
0.1913
-0.0661
0.0115
0.1247
0.0411
-0.0690
0.1404
-0.1529
0.0807
0.1932
-0.0436
-0.0251
0.0181
0.0031
-0.0521
-0.0007
0.0020
0.0306
-0.0714
0.0522
0.3479
0.0235
-0.0477
0.0421
-0.0686
-0.0716
-0.4142
-0.0145
0.1697
0.1409
-0.2042
-0.0143
-0.0361
0.0582
-0.0887
0.3760
-0.0186
-0.0488
0.0850
0.1816
-0.2148
-0.0304
-0.0385
-0.0629
-0.0630
0.0474
-0.0219
-0.0176
0.2721
0.0824
-0.0554
-0.0223
0.0155
-0.0434
-0.2533
0.0020
-0.0545
-0.0192
0.0929
0.0181
0.0094
-0.0154
0.0276
-0.1364
0.0777
0.0393
-0.2038
0.2681
0.0426
0.0737
-0.0368
1.0004
-0.0110
0.0385
0.0607
0.0948
-0.1805
0.0666
0.0942
-0.4197
0.0138
0.0055
0.0498
-0.1351
0.1984
0.0917
-0.2510
-0.0136
-0.2532
-0.0019
-0.0243
0.9112
0.0368
-0.1436
0.5577
-0.0891
0.0461
0.0913
-0.0221
-0.0272
-0.0456
0.1324
-0.1083
-0.0375
0.0446
0.2536
-0.0220
0.0252
0.0668
0.1914
-0.0370
-0.0554
0.0630
0.4037
0.0101
0.0994
0.1005
0.0501
-0.0110
-0.0076
-0.0360
-0.2485
0.0338
-0.0868
0.1019
0.1820
-0.0784
-0.1630
0.0757
-0.3546
-0.1080
0.0824
0.2953
-0.1695
0.1791
0.1271
0.4007
-0.2055
0.1697
-0.2028
-0.1686
0.0413
-0.3827
0.3640
-0.0349
0.0246
-0.0709
-0.1173
-0.1798
0.1415
0.0190
-0.0377
0.4524
0.1733
0.0622
-0.1644
0.1269
-0.0865
0.0363
-0.0241
0.0631
0.0348
-0.2388
-0.0631
0.1380
-0.0708
-0.1421
0.4576
-0.4006
0.0600
0.0216
0.0636
0.0488
-0.2783
-0.0361
-0.0201
0.0649
-0.1483
0.2514
0.2348
-0.0408
0.0353
0.0717
-0.0386
-0.0049
-0.0071
0.0721
-0.1169
0.1356
0.0676
-0.0489
0.0622
-0.0414
0.0753
0.1061
-0.0049
0.0596
-0.0662
-0.0070
0.0390
-0.0356
-0.1383
-0.0272
-0.0204
0.0742
0.0548
0.0286
0.0414
-0.1303
0.0778
-0.1532
-0.1900
-0.5206
0.0105
0.1452
-0.1657
0.0541
0.0029
0.0365
-0.0110
0.4545
-0.3051
0.1181
-0.0485
0.0638
0.2132
-0.0915
0.0441
-0.0067
0.0209
-0.0088
0.4347
-0.2067
-0.0012
-0.0761
-0.1383
-0.0102
0.0690
0.3045
0.0815
-0.0536
0.0779
0.0265
-0.0364
0.0993
-0.0292
0.0242
0.0399
0.1233
0.0467
-0.0293
0.0874
0.0476
-0.0552
0.0082
-0.0345
-0.0328
-0.0072
0.1009
0.1707
-0.0817
-0.1319
-0.0323
-0.0046
0.0831
0.0548
0.0257
-0.0173
0.1365
-0.0033
-0.1252
0.1335
0.3728
-0.1280
0.0319
0.0265
0.0274
-0.0504
-0.0997
0.1091
-0.0483
0.0718
0.0381
-0.1268
-0.0761
-0.5500
-0.0506
-0.0888
0.0227
-0.2536
-0.3958
-0.0127
-0.0223
0.0418
0.4238
-0.0366
0.1558
-0.1024
-0.0204
-0.1817
-0.3613
-0.1682
0.1620
-0.1037
0.0369
-0.0705
0.0199
0.5724
0.5419
0.5804
-0.1233
-0.1553
-0.1440
-0.0361
0.0761
-0.3413
0.4854
0.1536
-0.0824
0.2858
-0.7993
-0.1272
0.0286
-0.0613
0.0494
0.1943
-0.3127
-0.2526
-0.3419
0.0606
0.0960
-0.0422
0.1639
0.1799
0.3355
-0.0781
0.3005
-0.0628
0.0729
0.0646
0.0358
0.2770
-0.3653
-0.3078
0.1235
0.0503
0.0647
-0.3792
-0.8379
0.0998
0.0463
0.1963
0.1026
-0.1445
0.4916
-0.0727
0.0678
0.0660
-0.0202
-0.0157
-0.0611
0.1050
-0.3605
0.0073
-0.0597
-0.2176
-0.5966
0.0870
0.0214
0.1067
-0.6012
-0.1788
0.0549
-0.0510
0.3640
-0.0895
0.0152
0.0015
0.0143
-0.0069
-0.0354
-0.1671
-0.1842
-0.1279
-0.3775
-0.2367
0.0850
-0.1247
-0.1849
-0.1318
0.0078
-0.2190
0.0827
-0.0217
-0.0200
-0.0268
-0.0173
-0.1277
-0.8576
-0.2020
-0.1160
0.0185
0.0184
0.0195
-0.1831
-0.3347
0.0235
-0.0107
0.0391
-0.0492
-0.0126
-0.2284
-0.4082
0.0353
0.0861
0.1556
-0.0242
-0.0959
-0.1264
-0.0615
0.0087
0.0843
-0.0289
-0.0232
0.4464
0.2030
-0.0578
0.0441
-0.0054
0.0452
-0.0082
-0.0021
-0.3042
-0.0137
-0.1321
0.2078
-0.0219
0.0011
0.0407
-0.0366
0.1062
-0.1707
-0.1625
0.1620
0.3078
-0.0021
0.0783
-0.0390
-0.1336
-0.3536
-0.0565
0.0763
-0.1149
-0.0011
0.1435
-0.0409
-0.3521
-0.2644
-0.0309
-0.0328
0.0334
-0.0391
-0.4322
-0.1874
0.0249
0.1647
-0.0378
-0.5615
-0.3531
-0.3761
0.0442
0.0516
-0.0328
-0.3953
-0.0377
0.1970
-0.0444
-0.1709
-0.2749
0.0872
0.1605
0.0699
-0.0650
-0.1502
0.1654
-0.0665
-0.0123
0.0301
0.0025
-0.1615
0.4209
0.1358
0.0898
0.0489
0.0602
-0.6547
0.1331
0.1092
0.1513
0.1709
0.0658
-0.2783
0.2015
0.3688
0.0956
0.0156
0.0836
-0.1414
0.1716
-0.1123
-0.0642
-0.3378
0.0208
0.1233
-0.1414
0.1057
0.0955
0.0615
0.1910
-0.0053
-0.1331
-0.2993
-0.1868
-0.0035
-0.3019
0.0860
0.2323
0.0802
-0.2169
-0.0913
-0.4877
-0.0261
0.1607
-0.2457
0.1038
0.0265
-0.3957
0.0852
-0.1297
-0.2953
-0.2526
-0.3831
0.1333
0.1464
0.0071
0.0703
-0.0378
0.0836
0.0372
-0.5646
-0.3902
-0.0544
-0.0879
-0.2294
-0.3517
-0.1074
0.0036
0.1025
0.0027
-0.0073
0.0097
-0.0774
-0.1449
-0.2476
-0.8746
0.4556
0.0003
0.2982
0.2598
0.1825
-0.0002
-0.1173
0.1978
0.1018
-0.1332
-0.2654
0.1722
-0.0132
-0.0236
0.4436
0.0399
0.3716
-0.0008
0.2059
0.0877
-0.0987
-0.4664
-0.0124
0.0699
-0.1777
-0.1359
0.0409
0.3480
-0.0053
-0.0381
0.1122
-0.0970
0.1544
0.0742
-0.3069
-0.1407
-0.5005
-0.3338
0.0494
-0.1091
-0.0051
0.0911
-0.1937
0.6068
0.1277
0.0298
0.0064
-0.0016
0.0562
-0.4345
-0.3038
-0.2757
0.0216
-0.1926
-0.7417
0.0185
0.1024
0.2522
-0.8741
-1.8339
0.0725
0.1076
-0.1094
0.0038
0.0315
-0.6458
-0.2744
-0.2845
-0.3648
-0.2111
0.0842
-0.0162
0.0162
0.1852
-0.2899
0.5767
-0.6884
0.2092
-0.1038
-0.0186
0.0028
-0.3509
-0.2746
-0.2276
0.1110
0.0832
0.2115
0.0072
0.0351
1.0216
-1.4772
-0.7840
0.1509
-0.0188
-0.0032
-0.0341
-0.1863
-0.0738
0.1412
0.0354
0.0096
0.4542
0.5771
0.0981
-0.0556
0.0392
0.0291
-0.0848
-0.3284
-0.0014
0.2528
-0.0953
0.0549
0.0473
0.1394
-0.1175
0.4358
-0.3657
0.0491
0.0506
-0.0429
-0.4826
-0.5052
-0.2546
0.0725
-0.0141
-0.5500
-0.1127
0.0346
0.0493
0.0087
-0.2648
-0.8234
-0.1246
0.0585
-0.1541
-0.0734
-0.2951
0.0112
0.0407
0.0293
0.0340
-0.2162
-0.2482
0.0356
0.0151
-0.1470
0.0223
-0.2499
0.1739
0.0120
-0.0345
0.0154
-0.0361
-0.0152
-0.1087
0.1886
-0.0597
0.0948
0.0604
0.0164
0.0077
-0.0027
-0.1835
0.0975
0.2220
0.3338
0.0770
0.0484
-0.0234
-0.0562
-0.0133
0.0984
-0.0159
-0.2331
0.0769
-0.0255
0.0201
-0.0521
-0.0612
0.1170
0.1040
0.0413
-0.3561
0.0224
0.0725
-0.4150
-0.1021
-0.0949
-0.0452
-0.0537
0.0157
-0.0226
-1.1226
-0.2629
0.2190
-0.0232
-0.6572
-0.0799
0.0052
-0.0904
-0.0362
-0.0251
-0.0542
0.0752
-0.1055
-0.0566
0.0125
-0.1221
-0.0234
-0.0442
0.2216
-0.1666
-0.0602
0.0719
-0.0647
-0.0523
0.0275
0.1419
-0.2446
-0.3028
0.0433
0.0278
0.0466
-0.1321
-0.0057
0.0407
-0.1624
-0.0680
-0.1279
0.1527
-0.1874
-0.1986
-0.0066
0.0193
0.0812
-0.0048
0.0120
-0.3254
-0.1126
0.0004
0.1475
-0.1801
-0.2174
-0.5480
0.0623
-0.0444
0.0872
0.0125
0.0003
-0.5949
-0.4179
0.0635
0.1118
-0.0286
-0.2409
-0.5177
0.2917
-0.0305
0.1184
0.0093
-0.0455
-0.2128
-0.1301
-0.0220
-0.0044
0.0148
-0.1359
0.0371
0.0662
0.0296
-0.0273
0.0868
-0.0487
-0.1334
0.1466
-0.1705
-0.1878
0.2318
0.0246
-0.0407
0.0119
0.0088
-0.0273
-0.0180
-0.1065
1.0050
1.1035
0.0276
-0.0662
-0.0141
0.0290
0.0285
0.0292
0.0231
-0.0353
-0.0465
0.0528
0.0634
0.0749
-0.0873
0.0441
0.0005
-0.0380
0.0325
0.0453
0.0776
0.0243
0.0018
-0.0278
0.0055
0.0999
0.0022
-0.0097
0.0081
-0.0459
0.0298
-0.0469
-0.0074
0.0065
0.0174
0.4274
-0.0215
-0.0690
0.0005
0.0305
-0.2060
-0.1171
0.0993
0.0059
-0.0876
0.1009
0.0018
0.0293
0.0097
0.1553
-0.2758
-0.0879
0.4386
0.0107
-0.0570
-0.1694
0.0858
0.0202
0.0277
-0.2665
-0.0393
-0.0977
-0.0890
-0.4332
0.9253
0.1153
-0.2501
0.1273
-0.0170
0.0603
-0.2724
0.0071
0.0931
-0.1185
-0.1994
-0.1138
-0.3731
-0.1661
-0.2834
0.0622
-0.1224
0.0850
-0.0598
0.1369
-1.0828
0.1094
-0.0377
-0.5236
-0.7655
0.0430
-0.2160
-0.0675
-0.2240
0.0575
-0.0179
-0.0696
-0.0726
0.0960
-0.2792
0.2381
-0.0419
-0.6637
-0.3265
0.1310
-0.6294
0.0321
-0.0649
-0.0437
0.0850
-0.1620
0.0348
0.0542
0.2623
-0.3573
-0.1959
-0.1075
0.0039
-0.6618
0.0565
0.1327
-0.0705
0.0448
-0.0827
0.0742
0.0101
0.2429
-0.4743
-0.1390
0.0632
0.0761
-0.0416
-0.0842
0.1216
0.0027
0.1152
0.0330
0.1622
-0.4752
0.2543
-0.0143
-0.0879
0.0049
-0.0492
0.0341
0.0717
-0.0148
-0.0307
-0.2166
0.2416
-0.6906
0.0534
0.0017
0.1377
0.0958
0.0036
0.1301
-0.0075
0.0326
-0.5249
-0.3942
0.0902
0.0884
0.1188
-0.0628
-0.1616
-0.1966
0.0333
0.0528
0.0061
-0.0403
-0.3875
-0.0026
0.0863
0.0566
-0.2796
-1.1656
-0.5101
0.0489
0.0122
0.0730
-0.1060
-0.4133
-0.0939
0.0602
-0.8964
-0.5250
0.1989
-0.3347
-0.4324
0.0987
-0.1943
0.0941
-0.0945
-0.1034
-0.2650
0.0353
-0.7167
0.0716
-0.4155
0.0358
-0.0672
-0.1259
-0.1401
0.0948
0.7228
0.0046
-0.0982
0.0222
0.0069
0.0403
-0.2083
0.0221
-0.0344
0.0766
-0.1572
-0.0487
-0.0393
0.0644
0.0064
-0.3095
-0.1218
0.0352
0.1327
0.3816
-0.0264
0.1296
-0.1052
0.0881
0.0340
-0.0690
-0.1808
-0.0319
-0.0216
-0.0327
-0.2197
0.0179
-0.0001
-0.1962
0.1845
-0.0708
-0.0244
-0.2190
-0.0909
-0.0876
-0.1687
0.0067
0.0185
-0.0120
-0.0529
0.2710
0.1346
0.4241
0.1353
-0.0948
-0.0465
-0.0050
0.0796
-0.0774
0.0139
0.0060
0.1235
-0.0235
0.7472
-0.0206
0.0179
-0.0368
0.0813
-0.2474
0.1693
-0.0686
0.0555
-0.0093
0.1729
0.0029
-0.0109
0.1015
0.1257
-0.1491
-0.1680
0.0585
0.0305
-0.0170
0.1268
-0.2676
0.0689
-0.0693
0.0023
0.1454
0.1585
-0.0104
-0.1069
0.0425
0.1567
0.0234
0.0063
-0.5509
-0.2830
0.1107
0.0039
0.0188
-0.1625
0.1626
0.0929
0.0268
0.0914
-0.3302
-0.1564
-0.0463
0.0071
0.0534
-0.2995
-0.3353
0.0692
0.1573
-0.0334
0.3840
-0.0830
-0.2417
-0.0308
0.0299
-0.0520
-0.4519
0.0165
0.0998
0.2899
0.2801
0.0258
-0.0575
0.0689
-0.0856
-0.4517
-0.9087
-0.1759
0.0413
0.1393
0.3096
-0.1298
0.1196
0.0898
0.2896
0.1192
-0.0262
0.1583
0.0222
0.1170
0.0881
-0.0266
0.0028
-0.0324
0.2541
0.4147
0.4345
0.0953
0.2440
0.2594
0.1550
0.1678
-0.0261
0.0875
0.0153
-0.0547
-0.3007
0.0135
-0.2254
0.0992
0.1801
0.0636
-0.4028
-0.0377
-0.0374
-0.0568
-0.0021
-0.0276
-0.0715
0.0715
0.1380
0.0647
0.0118
0.0373
0.1272
0.0418
-0.0969
0.0084
0.0558
-0.0368
-0.1050
-0.0748
0.1185
0.2194
0.2157
-0.0165
0.1220
0.0563
0.0395
0.1442
0.2477
-0.2940
-0.0245
-0.2338
-0.0836
-0.0527
-0.0062
-0.0002
0.0782
0.1298
0.0717
0.0877
0.0186
-0.1153
-0.0641
0.2916
0.2006
0.0931
0.0635
0.1573
0.3793
0.1050
-0.0287
-0.0034
0.0450
0.0153
0.0124
0.0609
-0.0096
1.4452
-0.0925
0.0725
0.6286
0.0754
-0.0065
0.0969
0.0160
0.0219
0.0533
-0.0587
-0.0179
-0.0675
-0.0263
-0.0819
-0.4613
-0.0395
0.0659
0.0136
-0.0389
-0.0607
0.0347
0.7516
0.5119
0.2001
0.0460
0.1444
-0.0889
-0.0511
-0.1163
-0.0309
-0.0735
-0.1605
-0.0088
0.0119
0.0027
-0.0596
-0.1379
-0.0480
-0.0745
-0.5019
-0.2206
0.1320
-0.1060
0.0734
-0.1626
-0.1263
0.0259
0.1518
-0.1964
-0.1045
0.0293
0.1030
-0.0420
0.1242
0.0041
-0.0880
0.0220
0.0062
-0.1187
0.0675
-0.1536
0.3349
0.0766
-0.0722
-0.1485
-0.0379
0.0811
0.1033
0.0001
-0.3773
-0.1240
-0.0028
-0.1146
0.1012
0.0937
0.0420
0.0073
-0.0661
0.1584
0.2396
0.2984
0.1285
0.0538
0.1081
0.1153
0.0837
0.2057
0.1338
0.1226
-0.3705
-0.0504
0.2774
0.2127
-0.2408
-0.0918
0.1336
-0.2244
-0.2037
-0.0481
-0.3327
0.0279
0.4012
0.4048
0.2384
-0.0130
-0.1219
-0.0812
-0.0007
0.0919
0.1775
-0.2283
-0.1322
-0.5618
-0.1137
0.2112
0.1731
0.1620
-0.0242
0.4698
-0.0301
0.1300
0.0394
0.0650
-0.1066
0.0118
0.0058
0.0022
0.0454
0.2553
0.2510
0.0320
-0.2847
0.1706
-0.0480
0.0186
0.1804
0.2537
0.2045
-0.0930
0.0869
0.2770
0.0705
-0.1468
-0.0819
0.1485
-0.0519
0.0763
0.2115
0.3740
0.2230
0.1153
0.0404
-0.0504
-0.0627
-0.0790
-0.0257
0.1093
0.0424
0.0741
0.0426
0.0253
-0.0420
-0.0909
0.0519
0.0452
0.0363
-0.0502
-0.1015
-0.0588
0.0094
0.1073
0.0908
0.0348
0.3224
0.8169
0.2771
0.0254
-0.0043
-0.0842
-0.0441
-0.2375
-0.1441
0.0116
0.0091
-0.0319
0.0509
0.0698
-0.0132
0.0180
0.0131
-0.0549
-0.1015
0.0414
-0.3869
-0.3958
0.0062
-0.0108
-0.0255
-0.0998
-0.1210
-0.2100
0.1717
-0.1092
-0.7645
-0.0128
-0.0378
-0.0300
0.0695
0.0828
0.0167
-0.0381
-0.0527
0.0740
0.0416
-0.1489
-0.2027
0.0603
-0.0362
-0.0094
-0.0562
0.0450
0.0282
-0.0072
-0.0588
-0.0952
0.0158
0.2044
-0.0872
-0.0144
0.2711
0.0201
0.0625
0.0264
0.0971
0.1027
0.0798
-0.0018
0.0110
0.4986
-0.0062
0.0242
0.0284
-0.0637
0.0383
-0.0009
-0.0199
0.0210
0.0093
-0.0983
-0.1645
-0.3450
0.5432
0.1442
-0.0591
-0.1404
0.1178
0.1747
0.1476
-0.1304
0.0076
-0.1027
-0.1332
-0.1117
-0.0570
0.2998
0.0866
-0.1932
-0.0598
-0.0057
0.0236
-0.0572
-0.0062
0.0680
-0.0285
-0.3784
0.0411
0.0726
0.0511
-0.1378
0.1751
0.5666
0.1067
-0.2172
-0.1358
0.1356
0.0788
-0.0105
-0.1878
0.3772
0.2678
0.3551
0.0178
0.0871
0.0552
-0.0016
-0.0529
-0.0521
0.0589
0.1467
0.1345
-0.0157
0.0063
-0.0153
-0.0469
-0.0507
-0.0643
-0.0754
0.0028
-0.0368
-0.0564
0.0334
-0.1696
-0.0936
0.0865
0.9964
0.1509
0.6742
0.0077
-0.1213
0.3359
0.2551
0.1118
0.1678
-0.0185
0.0259
0.0373
-0.1346
-0.0575
0.0415
-0.0762
-0.2015
0.0885
0.0253
0.0051
0.3884
0.9257
0.1532
0.0438
-0.0108
-0.0015
-0.5135
-0.0428
0.0800
0.0298
0.1625
0.2067
0.0014
0.0617
-0.0662
0.0317
0.1115
-0.5867
-0.2234
0.1547
0.1393
0.0130
0.0479
0.0698
0.0474
-0.0725
-0.0985
-0.0758
0.1233
0.0641
-0.0344
0.0028
-0.7108
0.0368
0.1645
-0.0951
-0.0917
0.0306
0.0335
-0.0464
-0.0867
-0.0056
-0.0379
-0.0340
-0.4045
-0.2903
-0.2255
0.0957
0.0212
0.1232
0.1084
0.0019
-0.1849
-0.0656
0.0646
0.0144
0.0396
-0.0000
0.0589
0.2169
-0.3395
-0.0246
0.3192
0.3953
-0.1455
0.0529
-0.1697
-0.0402
0.0013
-0.0119
-0.0546
0.0192
-0.2326
-0.4779
-0.1960
0.1920
-0.1397
-0.0461
-0.0369
-0.1061
-0.0515
-0.0895
0.0231
0.0824
0.0565
0.7195
0.1431
0.1617
-0.7003
0.1651
0.0458
-0.2456
-0.2645
0.0465
-0.0182
0.0545
-0.0859
0.1029
0.2250
0.1388
-0.0382
-0.2090
0.0232
0.0818
0.0515
-0.0211
-0.0856
-0.0278
-0.0441
-0.1400
-0.1000
0.1240
-0.3129
-0.3988
-0.2226
0.3899
-0.1999
-0.0617
0.0509
0.2532
-0.2618
-0.1629
-0.1386
-0.0349
0.0317
-0.0251
-0.0340
-0.0272
-0.0977
-0.1211
0.0350
-0.0549
-0.0455
-0.0790
-0.0176
0.0242
-0.8910
-0.3064
0.6568
0.3644
1.3630
0.1679
0.1648
-0.1780
0.2755
0.0216
-0.0360
-0.0279
0.1008
-0.2764
-0.4228
-0.2939
-0.1907
0.3619
-0.3743
0.0430
-0.0170
0.0411
0.0917
0.0986
0.0673
-0.0652
-0.0125
-0.1719
-0.3211
0.0085
-0.0226
-0.0475
0.0616
0.0394
0.0842
0.0800
0.1457
0.0491
-0.4693
-0.3822
-0.0776
0.0929
0.7321
0.0299
-0.0796
-0.0264
0.4022
0.1827
0.1023
0.0620
-0.0274
0.0769
0.0017
0.0657
-0.0000
0.0420
-0.0372
-0.0774
-0.0640
0.0378
0.1707
-0.0254
0.3473
0.3074
0.0965
-1.0639
-0.3396
0.1225
-0.0058
0.1569
0.0250
0.0542
-0.0087
0.0027
0.0148
-0.0509
0.0296
0.0987
-0.4564
-0.4888
-0.2058
-0.3119
-0.2353
-0.1270
-0.0785
0.1243
0.2064
0.0841
-0.0623
-0.0762
-0.0010
0.0440
0.0290
0.0410
-0.0611
-0.4738
0.0557
-0.0643
0.0190
-0.2622
-0.0752
-0.0014
-0.0564
-0.0871
-0.0098
0.0046
0.0163
0.0186
-0.0114
-0.1340
0.0391
0.0595
0.0786
-0.0206
0.0604
0.0920
0.0728
0.0356
0.0789
0.0004
-0.0109
-0.1011
-0.0221
-0.0369
-0.3721
-0.5757
-0.5415
-0.0747
-0.2661
0.0361
0.3178
-0.1551
-0.0920
0.0515
-0.0063
0.0385
0.0111
-0.0247
-0.0050
-0.0772
0.1215
0.1786
0.0700
-0.0245
0.1834
0.1272
-0.0212
0.0255
-0.1563
-0.8920
-0.2913
-0.2909
-0.2292
-0.3594
-0.0554
-0.0943
-0.0461
-0.5043
0.0230
0.0577
-0.3043
-1.1645
-0.2728
-0.1022
-0.0589
0.0465
0.1291
0.1446
-0.0598
-0.0116
-0.5977
0.1545
0.4330
0.2311
-0.0640
0.0308
0.0288
-0.0797
-0.1560
0.0399
-0.3270
-0.3126
0.0202
-0.0578
0.0329
0.0744
0.0946
0.0385
0.0156
-0.0145
-0.0531
-0.0741
0.1556
-0.1315
-0.3601
-0.3605
-0.2258
0.1075
0.0484
0.0122
0.0147
-0.1142
-0.0339
-0.0336
-0.0109
0.0248
-0.0066
0.0522
-0.6197
-0.0458
-0.0763
0.2785
-0.1237
0.3333
-0.0117
0.0309
-0.1102
-0.0200
0.0328
0.0948
0.0850
0.1506
0.4614
0.4995
-0.1103
-0.3177
-0.5912
0.1456
0.0699
0.1523
0.4570
-0.7511
-0.1168
0.0078
-0.2484
-0.0168
1.0665
0.2516
-0.2034
0.0339
0.0434
0.0539
0.0606
0.0320
0.0334
-0.4138
0.0674
-0.1227
0.0637
0.1496
0.1813
0.1785
0.0058
-0.1856
1.6930
-0.3707
0.0277
0.0340
-0.0055
-0.0022
-0.0547
-0.0925
-0.1142
-0.1705
-0.1623
-0.7409
-0.2259
0.0137
0.0345
-0.1044
-0.0751
-0.0658
0.0319
0.0297
-0.3125
-0.1885
0.0469
0.1540
0.0881
0.7805
0.2267
0.2815
-0.0747
0.0026
0.0898
0.0774
0.0338
0.0303
0.1357
-0.6974
-0.0031
0.0191
-1.0440
0.1478
0.7278
0.0048
-0.0319
0.0609
-0.1523
0.0651
0.0695
0.0410
0.0796
0.0150
0.0324
0.0087
-0.0038
0.0600
0.2190
0.2138
0.1453
0.2944
-0.2981
-0.0819
-0.1991
0.0251
0.0355
0.0697
-0.0363
-0.0041
-0.0238
0.0433
0.0185
-0.2032
0.0307
0.0001
0.0058
-2.3328
-0.0289
0.2734
0.5183
0.1332
-0.1191
-0.2859
-0.4643
0.0047
-0.0253
-0.1386
0.0473
-0.0370
0.0539
-0.2113
-0.4190
-0.3317
0.1403
0.2491
0.0478
-0.1599
-0.4961
-0.0384
0.1916
0.0991
0.2975
0.0177
0.0161
-0.1269
0.0834
-0.3324
0.0059
-0.0180
0.1208
-0.0571
0.0466
-0.3034
-0.0520
-0.0113
-0.2796
-0.3237
0.0374
0.0822
0.1110
-0.2249
-0.0628
0.1470
0.0398
0.0628
0.1248
-0.0297
0.0165
-0.0687
-0.1389
-0.0481
-0.0574
-0.0160
0.2466
0.0286
-0.0109
-0.0167
0.3280
0.0773
0.0511
-0.0380
-0.4977
0.0321
0.2526
0.1073
0.0367
0.0080
0.0198
0.0300
0.0057
-0.0399
-0.2392
-1.0217
-0.4948
-0.4230
-0.7192
-0.0706
-0.2853
-0.0832
-0.0415
0.0349
-0.0100
-0.0007
-0.0138
-0.0111
0.0303
0.1004
0.2311
0.0943
-0.1795
-0.4251
-0.8433
0.1006
-0.0171
0.1041
0.2092
-0.3697
0.0324
-0.4344
-0.8127
-0.1016
-0.0598
0.1989
0.7327
-0.0147
0.1603
0.3200
-0.0266
-0.0120
0.0531
0.2442
0.2996
-0.2020
-0.0432
-0.0208
-0.0158
0.3321
0.0528
-0.0480
-0.0266
-0.0742
-0.4219
-0.4688
-0.1745
-0.0133
-0.0814
-0.0408
0.0326
-0.0170
0.0009
0.1099
0.2070
0.5845
0.4165
0.0744
0.0150
-0.0340
0.0254
0.0860
0.0026
-0.3984
0.4290
0.0048
0.2874
0.0548
0.0446
-0.0249
-0.3542
-0.1551
0.1434
0.3531
0.0486
-0.5653
0.2563
-0.1517
-0.1283
0.0316
0.0592
-0.1007
-0.0460
-0.1202
0.0591
-0.1667
0.0367
0.0234
-0.0158
-0.1885
-0.4161
0.2326
0.4302
0.3342
0.0734
-0.0304
-0.0476
0.0756
0.0532
-0.0018
-0.0107
0.1122
-0.0084
-0.0105
-0.0119
-0.0191
0.0064
-0.0418
-0.0358
0.1270
0.7661
0.4621
-0.1298
-0.0055
0.0392
-0.0128
-0.0245
-0.0044
-0.0425
0.0479
-0.1934
-0.0773
0.0111
0.0119
0.1183
0.0917
0.1240
-0.2090
-0.3423
-0.4908
-0.2874
-0.5077
-0.3720
0.0152
0.1801
0.1041
-0.0029
-0.0286
-0.1864
0.2209
0.3429
-0.1834
0.0671
0.0857
-0.3524
0.0230
-0.4363
0.6221
0.2551
0.0243
-0.0686
-0.0544
-0.0165
0.1793
-0.5753
0.2705
0.1940
-0.2657
0.1118
0.0509
0.0331
-0.0144
0.1130
0.1992
0.2020
-0.1071
-0.2363
-0.0878
0.0392
0.0369
0.0232
0.0497
0.0419
0.0917
0.1120
0.0367
-0.0663
-0.1862
-0.1919
-0.1031
0.0784
0.1095
0.0492
-0.0020
-0.0230
0.0549
0.0540
0.1003
-0.0877
-0.1073
-0.1884
0.1088
-0.1076
-0.2680
-0.2043
-0.0005
0.0737
0.0478
0.0382
0.0191
0.0298
0.0006
-0.0488
0.0018
0.2030
0.1956
-0.0142
0.0150
-0.0924
-0.0776
0.0760
0.0634
-0.0055
-0.0206
0.0486
-0.0137
0.0293
0.0160
0.0093
-0.0311
-0.1040
-0.1378
-0.0264
0.4450
0.1961
-0.1979
-0.0890
-0.1505
-0.1141
0.0679
0.0629
-0.1534
0.0182
0.2030
0.1626
0.1666
-0.3083
0.1477
0.3230
0.2060
-0.0414
-0.0002
0.0812
-0.0332
-0.0775
-0.0157
-0.0674
-0.0761
-0.1867
0.0059
0.0840
0.0245
-0.0252
0.0942
0.0800
0.1192
-0.0501
0.0288
-0.1045
0.1062
0.0809
-0.1966
-0.1249
0.0455
-0.0342
0.0124
-0.1458
-0.4541
0.0648
0.0695
-0.0254
0.0817
-0.0513
-0.0286
-0.0579
0.0892
0.2219
0.1857
0.1146
0.0310
-0.1112
-0.0924
-0.0374
-0.0246
-0.0282
-0.0442
-0.0131
0.0029
0.1041
0.1403
-0.0147
-0.0338
-0.0050
0.0661
0.0318
-0.0433
0.0238
0.0386
0.0354
0.0173
-0.1348
-0.1614
-0.0713
0.0365
0.0335
0.0526
0.0186
-0.0252
-0.0170
0.0580
0.1993
-0.0021
-0.4065
0.0422
0.0472
-0.0944
-0.0876
0.0182
0.0381
0.0512
0.0158
0.0304
0.0697
0.1653
0.0359
0.0599
-0.0187
0.0735
0.0228
0.0330
-0.2422
-0.3445
-0.1134
0.2610
-0.1771
-0.1167
0.0471
0.0656
-0.0396
-0.1499
0.2025
0.1179
-0.0375
0.0543
-0.0892
-0.0386
-0.0779
-0.0537
-0.0482
0.6296
0.0563
0.0009
-0.0220
0.0197
-0.1987
-0.2121
-0.2243
-0.0683
-0.0201
-0.0081
-0.0146
0.0308
0.0366
0.0574
0.0435
-0.0442
-0.0069
0.0717
0.0459
0.2392
0.1640
0.4320
-0.0440
0.0042
0.0156
0.0527
-0.0034
-0.0221
0.0266
0.0602
0.3191
0.2184
-0.0030
-0.0547
-0.0477
0.8719
0.0211
0.0619
0.0587
0.0400
0.1503
0.4881
-0.5589
0.0513
0.0383
-0.0089
-0.2044
0.0532
0.6169
-0.1202
0.1100
0.0307
0.0740
-0.0969
-0.0110
0.1189
-0.0449
0.1101
-0.0465
-0.1246
0.0393
0.0273
-0.0127
0.3773
-0.0034
-0.1155
0.0485
0.1220
0.2691
0.0209
0.0912
-0.1660
0.3424
-0.1909
-0.1992
0.0160
-0.0998
0.3064
0.0112
-0.0322
0.0198
-0.0345
0.0375
0.1485
-0.0411
-0.0582
-0.0859
0.1378
0.0514
-0.1368
-0.1282
0.0056
0.0548
0.0224
0.0510
0.0551
0.0761
-0.1624
-0.1784
-0.0855
0.0198
0.2192
0.1987
0.0511
-0.0879
-0.3365
-0.1489
0.0626
-0.0305
0.0360
0.0106
-0.0066
-0.0753
-0.0374
-0.1306
-0.1762
-0.0206
0.2419
0.3456
0.3430
0.0108
-0.0981
-0.0183
-0.0003
0.0835
0.0653
0.0564
0.0909
-0.1703
0.0272
0.0737
-0.0557
-0.1211
-0.3420
-0.4361
0.0883
-0.0252
0.0035
0.1209
0.0753
0.1361
0.1702
-0.0782
0.0483
-0.1248
-0.1315
-0.4423
-0.0581
0.2182
0.2759
0.1088
0.0410
0.0758
-0.0008
-0.1657
-0.0477
-0.0485
0.1203
0.2065
0.0596
0.0159
-0.0334
0.0152
-0.1646
-0.0437
-0.0038
0.1073
0.1588
0.0366
-0.2175
-0.2032
0.0866
0.3203
0.2845
0.1617
0.0178
0.0768
-0.0304
-0.0532
0.0353
0.0356
0.0423
-0.0613
-0.0091
-0.3436
-0.0774
0.2517
0.0655
-0.0993
0.0872
-0.1060
0.1585
-0.0247
-0.0129
-0.0906
-0.0421
-0.0132
0.0825
-0.0360
-0.1018
-0.3581
-0.0819
-0.4505
-0.6023
-0.2087
0.0667
0.1997
0.0576
-0.0058
0.5602
-0.3298
-0.0735
0.1325
0.3496
0.0052
0.0418
-0.0186
-0.0333
0.0006
0.0256
0.0097
-0.0130
0.1675
0.3150
0.0426
-0.0821
-1.1531
-0.5536
-0.2006
0.4649
0.4099
-0.2252
-0.9470
-0.1082
-0.2317
-0.1192
-0.2344
0.0233
-0.2272
-0.9790
0.1890
-0.3477
-0.2405
-0.2884
-0.2451
0.3610
0.1965
0.1052
0.0376
0.0676
0.6330
0.4970
0.1042
-0.1760
0.2958
0.3468
0.1686
-0.0301
0.6660
-0.0370
0.0181
0.2416
0.0584
-0.4734
-0.2300
-0.4907
-0.2843
0.2536
0.4838
-0.2067
0.0802
0.9906
0.2530
-0.1248
-0.4668
-0.6217
-0.5826
0.1499
-0.1245
-0.0915
-0.2343
-0.4502
-0.6540
-0.8711
0.2014
-0.4269
0.1827
-0.5455
-0.2425
-0.1672
-0.2312
0.1139
0.0952
0.2760
-0.0313
-0.0997
-0.4228
0.0295
0.0230
0.0474
0.0343
-0.6559
-0.3925
0.0974
-0.1703
-0.1739
-0.2761
0.2077
0.7795
-0.1701
-0.1050
0.1359
0.4779
0.0848
0.1857
0.3688
0.0565
-0.2188
-0.7620
-0.5023
-0.1915
-0.0623
-0.8291
-0.4572
0.8338
0.0557
-0.1886
-0.2678
-0.2003
0.0487
0.2715
-0.4570
-1.0410
0.1740
-0.2076
-0.1629
-0.1009
-0.3918
0.1925
-0.1194
0.1224
-0.2075
-0.0026
0.0066
0.2818
0.3183
-0.0082
0.1776
-0.2397
0.0655
-0.0648
-0.1639
-0.0414
0.0621
0.2898
0.0973
0.3631
-0.1466
-0.0309
-0.1981
-1.0651
-0.2574
-0.1424
-0.0783
-0.0534
0.5110
0.2878
0.1560
0.6802
0.1877
-0.0713
-0.0698
-0.0788
0.3583
0.1235
-0.3051
-0.6946
-0.3787
-1.0851
0.1139
0.5260
-1.3232
0.1089
-0.2497
-0.0369
0.2055
-0.3378
0.0061
-0.1970
-0.4541
-0.7491
-0.6315
0.3913
0.1818
0.2579
0.0458
-0.0857
-0.2821
0.0265
-0.1141
-0.1851
0.1376
0.0837
-0.1539
-0.0666
-0.0906
0.0957
-0.0472
0.1510
-0.0182
0.1171
0.0605
0.3736
0.0029
-0.0153
0.3856
0.2862
0.0725
-0.0520
0.1251
0.0788
0.0271
-0.0150
0.0599
-0.1597
-0.2627
-0.1614
1.7385
-0.2130
0.2404
-0.1835
0.0156
0.0455
0.0867
-0.1440
0.0355
0.2626
0.2026
0.0177
0.2272
0.3251
0.0793
0.0553
0.0517
-0.0716
-0.4210
-0.5368
-0.2442
-0.1739
-0.1191
0.3776
0.1358
-0.0664
-0.3309
-0.2064
-0.0393
0.0130
-0.0561
-0.1844
-0.2343
-0.3290
-0.0854
0.0525
-0.1232
-0.1620
-0.0507
-0.2111
-0.0627
0.0523
0.0656
-0.1905
0.0117
0.9156
0.0729
-0.2965
0.0310
-0.6388
-0.1971
0.0462
0.1055
0.1652
-0.1955
-0.6005
-0.5543
-0.1143
0.1107
0.1654
0.0684
-0.0735
-0.2301
0.0797
0.2869
0.2131
0.0689
-0.0274
-0.3914
-0.3682
-0.2472
-0.0531
-0.0198
0.0720
-0.0742
-0.0629
0.0757
0.0350
0.1156
0.0366
0.0282
0.1274
0.0027
-0.0317
-0.0528
-0.0837
-0.0754
0.2995
0.2390
-0.4571
-0.1738
0.1133
-0.2749
-0.2387
-0.2794
-0.0985
-0.0477
-0.0268
-0.1607
-0.7423
-0.3984
-0.0266
0.0539
-0.6104
0.0222
0.0604
0.0045
0.1074
-0.0987
-0.0223
0.1582
0.1741
0.0193
0.0327
0.0449
0.0406
-0.0474
0.2070
0.1170
0.0626
-0.0367
-0.0236
-0.0581
-0.0628
0.1640
0.0934
0.0432
0.1477
-0.0094
-0.0350
-0.1621
0.0133
0.1884
-0.0075
0.0777
0.0244
0.1718
-0.0603
-0.2054
-0.0988
-0.0385
-0.0987
-0.2485
-0.0994
-0.0170
0.2242
0.2273
-0.5846
-0.0007
0.0631
-0.2628
-0.0604
-0.0067
-0.0289
0.1699
0.1024
-0.0048
-0.0167
-0.0441
0.0204
-0.0024
0.0097
0.0489
0.1414
0.1573
-0.9616
-0.3443
-0.3873
0.2952
0.0170
-0.0096
0.2299
0.2657
0.1222
0.0425
0.0324
0.0151
-0.0770
0.0297
0.1296
0.1100
-0.0952
0.1261
0.0432
0.1163
-0.0415
0.1044
0.1661
0.2303
0.1474
0.3484
0.0206
-0.6112
-0.7330
0.0679
-0.1749
-0.3607
-0.2572
-0.1571
0.1693
-0.0547
-0.2825
-0.2154
0.1655
0.3011
0.4427
0.1608
0.2306
-0.0254
-0.1351
-0.1995
-0.1128
-0.3393
-0.5320
-0.2326
0.1796
-0.1012
0.0048
0.1256
0.8266
-0.0417
-0.0819
0.0287
0.1448
-0.3229
-0.1165
0.2445
-0.0700
-0.0734
0.2516
0.3895
0.1269
-0.1606
0.1847
-0.1475
-0.0954
0.0041
0.6134
0.0919
-0.0841
-0.1188
-0.0508
-0.0045
0.0564
0.1004
0.1172
0.0200
-0.0266
-0.0265
0.0624
0.1061
0.1836
0.2368
0.0207
0.0575
0.2616
0.3643
0.1697
0.1097
-0.0981
0.1511
0.2038
0.0075
0.3083
0.2096
0.1602
-0.1376
-0.4392
-0.4195
-0.0942
-0.2923
-0.0385
0.0203
0.0033
0.3265
-0.4543
0.4400
-0.0553
-0.8918
0.0542
-0.1588
-0.1727
-0.0790
0.0225
0.0422
0.0176
-0.0571
-0.0585
-0.0348
-0.2591
-0.7889
-0.2374
0.0215
0.1353
0.0470
0.0874
0.0210
0.2341
0.0497
0.0626
0.1850
-0.5674
-0.0502
-0.1293
-0.2731
-0.5807
-0.2789
0.2044
-0.0337
0.0362
-0.4141
-0.4110
-0.2837
-0.0044
0.2612
0.0381
-0.0067
-0.0448
1.1327
0.1439
0.2195
-0.0015
-0.4966
-0.6793
-0.1576
0.0388
-0.2561
0.3669
0.1145
-0.1796
-0.4734
-0.3503
-0.1059
-0.1392
-0.1213
-0.2753
0.3405
-0.0963
-0.1974
-0.1829
0.2836
0.1328
-0.0241
-0.2438
-0.6120
0.0313
0.1974
-0.0857
-0.0591
0.1352
0.0078
-0.0578
0.2621
0.4900
0.1744
0.0861
-0.0454
0.0047
-0.0458
-0.0916
-0.2171
-0.4393
-0.2538
-1.0954
-0.2103
0.0662
0.5614
0.2451
-0.1687
-0.5316
-0.1916
0.3238
0.1391
-0.3618
-0.2654
0.1254
0.0843
0.0265
-0.0465
-0.0086
0.5008
-0.0010
0.2938
0.0667
0.0198
0.0180
-0.0916
-0.1036
0.0454
0.0574
0.1127
-0.0195
-0.0509
-0.0005
-0.0531
0.0169
-0.2997
-0.5237
-0.0844
-0.2031
-0.1606
-0.1438
0.9186
0.0630
-0.2338
-0.3455
0.7324
