-0.5841
-0.2844
-0.5235
-0.0172
0.2108
0.5415
-0.1535
-0.3307
0.3856
0.1890
0.5539
-0.3339
0.2476
0.6645
-0.7316
0.2256
0.4452
-0.5437
0.2482
0.2962
-0.5758
0.7145
-0.3629
0.0795
0.2657
0.3288
-0.6145
0.4596
0.6503
-0.5488
0.4991
0.2993
-0.5990
0.6209
0.6136
0.3718
-0.4286
0.4056
-0.1055
0.5833
0.6131
-0.2577
0.6873
-0.5644
-0.4267
0.2268
0.5517
0.5778
-0.6707
-0.5690
-0.7634
0.6673
-0.1775
0.7494
-0.7510
0.5740
-0.7359
-0.6083
0.2941
0.6334
-0.6464
-0.1993
0.4648
-0.6402
0.3114
-0.5998
-0.6299
-0.5249
0.3657
0.5406
-0.6323
0.6356
-0.3736
-0.6542
-0.1868
0.5613
-0.6164
-0.6626
0.7431
-0.3324
-0.6944
-0.3815
-0.0183
-0.3186
-0.4287
-0.2753
0.0582
0.2893
-0.7306
-0.4063
0.1664
-0.4333
-0.5072
-0.5030
0.1098
0.1046
-0.0003
0.1586
0.0859
0.2759
0.4629
0.4228
0.5616
0.5396
-0.6454
-0.6728
0.0750
0.6856
-0.2646
-0.6055
-0.2681
-0.7226
-0.3234
0.6119
-0.7013
-0.5642
-0.3721
-0.6343
-0.3938
-0.7531
0.5552
-0.6361
0.2606
0.7361
-0.4847
-0.5309
-0.5173
-0.5515
-0.4488
0.5471
-0.6097
0.2203
0.3250
-0.1344
-0.5229
-0.5669
-0.5458
-0.1481
0.5734
-0.5947
0.6280
-0.3827
-0.4411
-0.5950
0.2664
-0.5764
-0.2098
0.5664
0.5708
-0.5529
0.6378
0.0653
-0.5058
-0.3268
-0.7769
0.0999
-0.6472
-0.5835
0.4909
-0.4455
-0.1257
-0.5870
-0.1252
-0.7134
-0.4386
-0.2936
0.2907
-0.3166
-0.4011
0.0211
0.6908
-0.2159
-0.4793
0.0674
0.6865
0.2272
-0.2924
-0.1921
0.0130
0.5594
-0.3818
-0.3178
-0.0390
-0.5912
0.7093
0.3227
-0.3461
0.6128
0.6646
-0.5675
-0.0950
-0.0363
0.6063
-0.7185
-0.6739
-0.1479
0.0303
0.7744
0.4015
-0.4137
0.1978
0.2397
-0.6751
0.1085
0.0304
-0.0098
0.6068
-0.1099
0.0022
0.3731
-0.3748
-0.1961
-0.2165
-0.7348
0.6074
0.6118
-0.0571
0.1064
-0.1560
-0.1669
0.3369
-0.3551
-0.5069
-0.4587
-0.7231
0.4785
-0.0772
0.6395
-0.0486
-0.0038
-0.1979
-0.3261
0.3530
-0.3481
-0.7216
-0.7019
0.0615
-0.1890
0.4417
-0.1605
-0.0499
-0.1448
-0.3817
0.4150
-0.2935
-0.6513
-0.1991
-0.5348
0.1285
-0.3694
-0.2102
0.4428
-0.2139
0.5221
-0.1787
-0.5571
-0.1650
0.3730
0.4049
-0.1344
0.6116
0.2623
-0.2887
-0.0861
0.4390
-0.6105
0.3649
-0.0859
0.6094
0.2022
0.1737
-0.2446
0.0137
0.4381
-0.1979
0.4468
-0.0928
0.3769
-0.1754
0.6541
-0.1223
0.1851
0.4857
0.2638
-0.2849
0.5538
-0.1742
-0.6504
0.1655
0.5329
0.1813
0.2661
0.5189
-0.7793
0.1872
-0.2382
-0.0963
-0.6435
-0.0960
0.2703
0.3239
-0.6493
0.0672
-0.2361
0.0653
-0.8061
-0.3343
-0.4462
0.4141
-0.3851
-0.4655
0.1152
-0.1583
0.4387
0.3922
-0.3108
-0.5954
0.4482
-0.5484
-0.5840
-0.2518
0.2439
-0.0809
0.6273
-0.5353
-0.4192
-0.5684
0.7185
0.2476
-0.0567
0.5289
0.6937
-0.2327
-0.0790
-0.6224
0.1046
-0.0242
0.0303
-0.3364
-0.6648
-0.5182
-0.4542
-0.6821
0.3718
-0.2784
-0.3442
0.5978
-0.3561
-0.5555
-0.7852
-0.3388
-0.6729
-0.6234
-0.3469
-0.2985
-0.6557
-0.3127
-0.0189
-0.2287
-0.4656
0.7082
-0.1232
0.5766
0.1577
-0.6108
-0.2809
-0.0310
-0.2980
0.7250
-0.1867
0.6848
-0.2008
0.5609
-0.3872
-0.0014
-0.3368
-0.3630
0.4633
-0.2790
0.3040
-0.3379
-0.7044
0.6899
0.5548
0.6646
-0.6776
0.7216
-0.5151
-0.3321
-0.0153
-0.4191
0.5708
-0.2967
-0.3445
-0.2856
-0.6312
0.4224
0.2905
-0.6453
-0.4519
-0.4365
0.3251
-0.2239
-0.5353
0.0795
-0.6120
-0.2166
0.5941
0.4129
0.5411
0.4723
-0.4838
-0.3902
-0.0739
-0.4927
0.3619
-0.6206
-0.0606
0.1855
0.5097
-0.4773
0.3279
-0.0950
-0.5051
-0.3230
-0.3920
-0.7567
-0.3359
-0.7095
0.3968
-0.4055
0.4254
-0.6430
0.6534
-0.1174
0.5869
-0.2926
-0.5541
-0.3755
-0.2419
-0.2761
-0.3382
0.0213
-0.4725
-0.0629
0.3858
-0.6644
0.2593
0.6978
-0.2539
0.5190
-0.5986
-0.4432
-0.0955
0.0039
-0.3418
0.4717
0.3055
0.4440
0.1550
-0.6661
0.6878
0.2534
-0.4367
0.2449
0.1428
0.7662
-0.4149
-0.6675
0.6734
0.5209
0.6710
0.5795
-0.6824
0.6764
0.4789
-0.0746
0.6080
0.2843
0.4773
0.3753
-0.3288
0.5918
-0.0330
-0.6039
0.3442
0.6759
0.4295
-0.5510
0.4794
-0.0450
-0.0481
0.0905
0.3295
0.4269
0.5162
-0.6063
-0.0046
0.4469
-0.7425
0.1065
0.5351
-0.4841
0.1243
0.5360
0.5279
0.0864
0.6489
-0.6058
0.4807
-0.2743
0.3198
0.2615
0.5889
0.1012
0.5876
-0.0350
0.3158
0.1901
0.4610
-0.6923
0.2922
-0.6386
0.5466
-0.0335
0.6953
0.2068
-0.5995
0.4597
-0.4977
0.5576
0.0384
-0.2536
-0.5043
-0.0578
-0.3789
-0.5235
-0.4652
0.5936
0.6645
0.1569
0.0071
-0.6186
-0.0822
-0.4797
-0.3524
-0.5360
0.6404
0.4225
0.2238
0.0459
-0.6683
0.6593
0.0549
-0.5221
-0.0926
-0.6187
0.6774
0.0047
0.2553
-0.0361
-0.5058
0.7042
0.5501
0.2651
-0.6019
0.0632
-0.6422
0.6832
0.2522
-0.0841
0.5988
0.3296
-0.6307
0.1134
-0.4070
-0.6106
0.6697
0.2572
-0.0674
0.5578
-0.7284
0.3297
-0.6149
0.2281
-0.3136
-0.6196
0.6394
0.3162
-0.0521
-0.4516
0.5316
0.2710
-0.4843
0.3985
-0.4960
-0.6428
0.6094
0.3099
-0.0973
-0.2312
-0.5575
0.5063
-0.2463
0.5155
-0.5928
-0.6680
0.6045
-0.5656
0.1486
-0.0891
-0.2264
-0.5783
-0.0510
0.5641
-0.5915
-0.6743
0.6281
-0.0319
-0.0034
-0.5868
0.1172
0.1812
0.6003
-0.5715
0.6400
-0.5434
-0.6682
0.6593
-0.0686
0.0315
0.2703
0.6191
-0.5075
-0.4838
-0.6478
0.6745
-0.0176
0.0342
0.3547
-0.4556
0.4706
-0.5952
0.5504
-0.6439
0.6583
-0.4185
-0.0084
-0.1306
0.5255
0.6079
-0.4355
-0.5582
0.4093
-0.6582
0.6218
0.1874
-0.2633
0.5288
-0.4054
-0.4098
-0.6801
0.6106
-0.2992
-0.0094
0.4987
-0.4313
-0.2528
0.5095
-0.6873
0.6715
-0.1680
-0.7028
0.0822
0.4785
-0.4675
-0.3245
-0.6645
-0.1464
-0.2050
-0.6453
0.0681
0.4065
-0.4521
-0.2739
0.6735
-0.6143
-0.4231
-0.2961
0.4322
-0.4549
0.0826
0.2405
-0.3268
-0.7142
0.5782
-0.5292
0.3585
-0.0260
-0.3894
0.6025
-0.4668
0.2152
0.0533
-0.1579
0.4908
-0.5108
0.3527
0.3655
-0.4020
-0.3053
0.6950
0.0762
-0.0131
-0.0497
-0.6822
0.5423
0.6869
-0.5792
0.5835
-0.4090
-0.1072
-0.0561
-0.2365
0.0357
-0.0094
-0.6239
0.6068
0.4158
-0.6390
0.6174
-0.4563
-0.2775
0.3294
-0.5835
-0.0141
-0.0179
-0.6906
0.3203
-0.6543
0.5807
-0.4074
-0.4086
0.5364
-0.4491
-0.0595
0.0785
0.2282
-0.6086
0.3279
-0.6531
0.5832
0.6654
-0.4565
-0.4512
0.5831
-0.5040
-0.0572
0.1687
-0.5197
0.4183
-0.6494
0.6289
0.5949
-0.3827
0.4977
-0.2097
-0.3156
0.2181
-0.5931
0.4829
-0.4609
0.4415
-0.6193
0.6396
-0.2538
0.3827
-0.3015
-0.1902
0.2746
-0.4486
0.3640
-0.4089
0.4448
-0.6014
0.6383
0.2052
0.1316
-0.2474
-0.1767
-0.6429
-0.2271
0.3512
0.4613
-0.2668
0.2964
-0.3491
0.4466
-0.6078
0.6967
-0.2364
-0.2424
0.6847
-0.6408
-0.1746
0.3680
0.6207
-0.1860
0.2066
-0.2958
0.4374
-0.6426
-0.2411
0.7525
-0.4994
0.5719
0.2948
0.6488
-0.1720
0.2365
-0.2723
0.4314
-0.6655
-0.3450
-0.0237
0.1637
-0.0158
0.5098
-0.3308
0.4614
-0.6566
-0.3564
0.0108
0.0435
0.7093
-0.4312
0.5290
-0.6250
-0.7271
0.3908
0.4251
-0.3371
-0.0183
-0.1063
0.6970
0.0858
-0.4465
0.5360
-0.5987
-0.5936
0.3598
-0.2736
-0.0707
-0.0782
-0.0096
0.3949
0.2238
-0.5268
0.6349
-0.4486
0.4964
-0.5647
-0.0560
-0.7405
-0.2760
0.2661
0.5514
0.6921
-0.1321
-0.0484
-0.2896
0.3982
0.1943
-0.3071
-0.3386
0.0632
0.5738
-0.4087
0.4330
-0.5324
0.3273
-0.1716
0.3715
0.4728
-0.1504
0.0407
-0.4532
0.6770
0.3508
-0.3306
-0.2419
-0.0440
-0.4346
0.4339
-0.4704
0.4227
-0.1363
0.0457
-0.3368
-0.1585
-0.0014
0.2071
0.1079
-0.1311
-0.1044
0.0947
-0.3895
0.3958
-0.3328
0.0919
-0.5059
0.4997
-0.4073
0.4430
-0.0324
-0.1882
-0.3506
-0.3510
0.0271
0.2393
-0.2064
0.0591
-0.0047
0.1405
-0.2497
0.2101
0.7115
0.4661
-0.4649
0.5173
-0.5902
0.5435
-0.3701
0.4427
-0.0124
-0.1897
-0.7404
-0.0810
0.1683
-0.4168
-0.3855
0.0939
0.0933
-0.3725
0.5635
0.4841
-0.6200
0.7114
-0.6237
0.5537
-0.3919
0.4387
-0.0087
0.1728
-0.2865
0.0240
-0.6339
-0.4527
0.1279
-0.0525
-0.6036
0.5138
-0.6533
0.5526
-0.4388
0.4279
-0.1174
-0.4248
-0.4016
-0.6542
-0.2802
0.1201
-0.1928
0.4931
0.6914
-0.6615
0.6036
-0.4878
0.4209
-0.4285
-0.2215
0.0663
-0.2177
-0.6589
0.6616
-0.5026
0.3953
-0.4631
-0.3203
-0.0228
-0.0927
-0.6725
0.6884
-0.4894
0.3775
-0.6009
-0.3302
-0.1284
0.1033
-0.7649
-0.6854
-0.4330
0.3418
-0.4619
-0.4474
-0.2581
0.2054
-0.5851
-0.6873
-0.3048
0.2987
0.3152
0.4964
-0.2963
-0.5292
-0.3037
0.2288
0.1227
-0.5236
-0.6757
-0.1343
0.2534
-0.0333
0.2249
-0.5846
-0.5210
-0.2894
0.1998
-0.3392
-0.6826
0.2411
0.1940
-0.3624
-0.1527
0.3680
-0.4508
-0.2384
0.1493
-0.5489
-0.1101
0.0226
0.1648
-0.3413
-0.3217
0.3278
-0.4099
0.3376
-0.1413
0.1179
-0.7255
-0.1258
0.2090
-0.2479
-0.2696
0.2616
0.5069
0.0368
-0.0717
0.5874
-0.0334
0.1538
-0.6900
-0.5010
0.3665
0.2213
0.5450
-0.2728
0.0198
0.7779
-0.0446
0.2355
-0.5930
-0.5221
0.5493
-0.0603
0.0936
0.4614
-0.5157
0.0556
-0.2976
0.3001
-0.3809
0.6933
-0.1529
-0.0300
0.1217
-0.6001
0.1552
-0.5298
0.4075
-0.2283
0.6270
0.5278
-0.0138
-0.2337
-0.2130
-0.3557
-0.4819
0.3351
-0.5932
0.4952
-0.4098
0.4450
-0.1965
0.7693
0.4483
-0.0672
-0.2810
-0.4631
-0.4860
-0.5908
0.5229
-0.5235
0.5221
-0.4161
0.4912
-0.2306
-0.2158
0.5028
-0.3661
0.0343
-0.3033
0.5364
0.0789
0.6268
-0.7162
0.4941
0.5408
-0.4282
0.4613
0.3148
-0.3437
0.5066
-0.2917
-0.0776
0.4020
0.3675
0.6202
0.2695
0.7323
-0.7530
0.3591
0.5427
-0.3493
0.3025
0.1030
-0.4793
-0.0965
0.4902
-0.3291
0.1511
-0.5586
0.4451
0.5720
0.5306
0.2648
0.0093
0.3302
-0.2903
0.1686
0.0651
-0.4978
0.7384
0.3155
0.5522
-0.3356
0.2658
-0.5962
0.5352
0.3725
0.2204
0.1601
0.0962
-0.3304
-0.2266
0.1254
0.1273
-0.3391
0.3324
-0.1662
0.6999
-0.2731
0.2096
-0.5866
0.5694
-0.1684
-0.0733
-0.1258
-0.1943
-0.6897
-0.2774
-0.2420
0.1596
0.2394
-0.3715
0.6184
0.6076
-0.1130
0.1252
-0.5994
0.5894
-0.5771
-0.4028
-0.3772
-0.2548
-0.7109
-0.1989
-0.2434
0.1761
0.1221
0.4765
0.2639
0.0749
0.0628
-0.5961
0.5730
-0.6590
-0.4023
-0.0950
-0.2174
0.1977
0.4159
0.3538
-0.1273
0.1171
0.0809
-0.5940
0.5314
0.5923
-0.7388
-0.4523
-0.1302
-0.1788
0.2218
0.5860
0.3681
-0.0777
-0.1392
0.1421
-0.5501
0.4801
0.1850
0.5304
-0.4081
-0.1329
0.2473
0.5444
-0.3990
0.1907
-0.5062
0.4593
-0.2017
-0.2581
-0.6075
-0.0780
0.1490
0.0215
0.1441
-0.4494
0.2282
-0.4691
0.4839
-0.4638
-0.7313
-0.6495
-0.0500
0.0450
-0.0026
-0.1624
-0.3944
0.2593
-0.4982
0.5015
-0.0572
-0.0302
-0.7468
-0.0381
-0.2637
-0.5339
-0.2749
0.2907
-0.5112
0.5098
-0.1306
-0.0387
-0.7538
0.1896
-0.2557
0.6227
-0.5089
-0.2724
0.2944
-0.4657
0.5022
-0.2853
0.0576
0.2906
-0.2067
-0.5320
-0.3226
0.3629
-0.3734
0.5068
-0.0443
-0.3237
0.1372
-0.1066
-0.2585
-0.6030
-0.3745
0.4078
-0.3860
0.5143
-0.0207
-0.3930
-0.1716
0.1728
-0.3364
-0.6664
-0.3909
0.3256
-0.3892
0.4942
-0.5257
-0.0285
0.1419
-0.7152
-0.3796
0.2317
-0.4318
0.4544
0.1932
-0.0441
0.0889
-0.3360
0.1723
-0.4681
0.4504
0.3649
-0.0569
-0.2751
0.0870
0.7344
-0.2757
0.1123
-0.5146
0.4899
0.3647
0.0195
-0.4844
0.2013
-0.3035
0.6762
0.4194
-0.2436
0.0714
-0.5288
0.5283
0.1520
-0.0225
-0.5287
0.3576
-0.4849
0.4581
0.1750
-0.7233
-0.2299
0.1112
-0.5198
0.5343
-0.3577
-0.3223
-0.5119
0.4917
-0.5436
0.2223
-0.4336
-0.4365
-0.2629
0.2007
-0.5117
0.5085
-0.6290
-0.5813
-0.4887
0.5302
-0.5485
0.0178
-0.2602
0.2899
-0.4943
0.4784
0.5436
-0.5192
0.4683
-0.4849
-0.1167
0.7314
-0.0725
-0.2707
0.3024
-0.4724
0.4691
0.2767
-0.5440
0.3368
-0.0585
0.4177
-0.2844
0.2531
-0.4767
0.4849
-0.5277
0.2927
-0.2589
0.2059
-0.5072
0.5236
0.7478
-0.4833
-0.6417
-0.2173
0.1888
-0.5525
0.5661
-0.4172
0.4359
-0.1813
0.1915
-0.5785
0.5867
0.6054
-0.3983
0.4592
-0.1698
0.1681
-0.5665
0.5662
0.1503
-0.4062
0.4788
0.0823
-0.1796
0.1160
-0.5565
0.5563
0.0592
0.6593
-0.3358
0.4908
0.3747
-0.0238
-0.1894
0.1075
-0.5373
0.6579
-0.1832
0.5787
-0.1223
0.4998
0.3940
-0.1241
-0.1418
0.1478
-0.5155
-0.4869
0.5560
-0.0752
0.4707
0.6759
-0.4653
0.4218
-0.3876
-0.0396
0.1759
-0.4615
0.6588
-0.5775
0.5526
0.6418
0.4215
-0.2404
-0.2730
0.3575
-0.1149
0.5220
-0.5285
0.0654
0.1513
-0.3517
0.1093
-0.5237
0.5108
0.4316
-0.1046
-0.2541
-0.5430
0.2402
-0.3831
0.5859
-0.5924
0.0533
0.0954
-0.2291
-0.4521
-0.3615
0.4597
-0.3105
-0.5817
-0.1915
0.4613
-0.6232
-0.4293
0.5944
-0.5722
-0.0510
0.0368
-0.1215
-0.4671
0.2018
-0.3483
-0.6362
-0.1416
-0.4471
-0.5831
0.4341
0.5345
-0.5027
-0.1761
0.0325
-0.1012
-0.2042
0.1040
-0.5311
0.0397
-0.5332
0.4752
0.4729
-0.4288
-0.2333
0.1116
-0.0655
-0.0166
-0.3387
0.2758
-0.4960
0.4135
0.4472
-0.4411
-0.1996
0.1922
-0.0623
0.0543
-0.4732
0.6326
0.5621
-0.4884
0.3738
0.4759
0.4421
-0.1685
0.2860
-0.0718
0.0548
0.5142
-0.4489
-0.4184
0.4101
0.5971
-0.5496
0.7064
0.3341
-0.1457
0.3714
-0.0780
0.0518
-0.1151
-0.6228
-0.3319
0.4903
0.6039
0.2733
-0.0066
-0.1081
0.4145
-0.0403
-0.0214
-0.5097
-0.2964
0.5334
-0.4948
0.2674
-0.5705
-0.5748
-0.5263
-0.0419
0.2741
0.0419
-0.1491
0.3897
0.0478
0.5583
0.0645
0.0432
-0.0013
0.0902
-0.2323
0.3971
0.2983
0.5557
0.1853
0.0835
-0.2100
0.7858
0.1178
-0.2471
0.2326
0.6088
-0.4964
0.6364
-0.7480
0.0596
-0.2785
0.1521
-0.2156
-0.0338
0.5576
-0.5026
-0.6211
0.5292
0.0200
-0.2120
0.4863
0.2241
-0.1627
-0.1596
0.4209
-0.4960
-0.5610
0.0323
-0.4229
0.0198
-0.1638
0.5974
0.3504
-0.1992
0.3394
-0.6156
-0.6759
0.0835
-0.6067
0.0419
-0.1609
0.4371
-0.2309
-0.6412
0.6430
0.3504
-0.5795
0.6792
0.4022
0.0514
-0.1112
0.3890
-0.2446
0.7442
0.5823
-0.6368
-0.1844
0.6236
0.3949
0.0271
-0.0359
0.1760
-0.1562
0.5940
-0.6214
0.6111
0.5019
0.0194
-0.0009
0.1035
-0.0144
0.5061
-0.6973
-0.1451
-0.5875
0.5961
0.6461
0.0162
0.0614
-0.0210
0.1408
0.1778
-0.0647
-0.5835
0.5576
-0.1092
0.1733
-0.0395
0.1249
-0.0159
-0.0535
0.0789
-0.5943
0.5110
0.6932
0.0085
0.2951
-0.0113
0.0645
0.1338
-0.2697
0.0993
-0.5824
0.5437
0.3864
0.2718
0.0387
0.0232
-0.6090
0.1557
-0.4465
-0.0367
-0.5910
0.6160
0.5519
-0.0476
0.0804
0.0725
-0.5174
0.4538
-0.4577
-0.1662
-0.5754
0.5767
0.5832
0.6652
-0.3607
0.1217
0.2174
-0.4072
-0.4469
0.6403
0.2706
-0.0947
-0.5079
0.5308
0.3645
-0.0722
-0.3836
0.1905
0.2669
-0.1999
-0.5687
0.4699
-0.1074
-0.2170
0.5768
0.5689
-0.0156
-0.2467
0.3186
0.2687
-0.1564
-0.5838
0.7816
0.8793
0.9756
0.9857
0.9633
0.9844
0.9977
0.9945
0.9705
0.9138
0.9455
0.7535
-0.8063
-0.7622
0.9675
0.9467
0.9293
0.7540
-0.8115
0.7621
0.8328
0.9608
0.9770
-0.9804
-0.9871
-0.9751
-0.9537
-0.9402
-0.9862
-0.9995
-0.9900
-0.9756
0.7814
-0.7866
0.8795
0.9630
-0.7492
-0.8184
-0.6870
0.9197
0.9504
-0.9115
-0.9106
-0.9237
-0.9526
0.8771
0.8332
-0.7634
0.9803
0.9348
0.8573
0.8428
0.7163
-0.7912
0.7811
0.8720
0.9755
0.8664
-0.8697
-0.8830
-0.8977
0.9252
0.9130
-0.7584
-0.8380
0.9794
0.9810
0.9963
-0.7595
0.9977
0.9066
0.8750
-0.8340
-0.8590
0.9081
0.9252
-0.8016
-0.7722
-0.7649
0.9475
0.8942
-0.8022
0.8806
0.8876
-0.8511
-0.8729
0.9900
0.8409
0.8732
0.9367
0.8992
0.8812
0.8123
0.8632
-0.8414
-0.8043
0.8208
0.8799
-0.8952
-0.9005
-0.8843
-0.8356
-0.7273
-0.6130
0.9925
0.9675
0.9484
0.8041
0.9868
0.9921
0.9997
0.9992
0.9999
1.0000
0.9847
0.9649
0.9669
0.8118
-0.8090
-0.8530
0.8890
-0.8801
-0.8905
-0.8883
0.9256
0.9467
0.9726
0.9999
0.9992
0.9987
0.9886
0.9989
0.9972
0.9990
0.9917
0.6795
0.5523
0.9900
0.9909
0.9978
0.9688
0.9748
0.9711
0.9801
0.9998
0.9746
0.9065
0.8986
0.8647
-0.7692
-0.8496
-0.8625
-0.8006
-0.7085
0.9978
0.9993
0.9982
0.9597
0.9210
0.8262
0.7517
0.9524
0.9993
0.8184
0.9206
0.8067
0.9103
1.0000
0.9474
-0.9993
-0.9985
-0.9991
-0.9989
-0.9986
-0.9928
-0.9043
-0.7912
0.9959
0.9769
0.9603
0.9937
0.9975
0.7961
-0.9904
-0.9788
-0.9349
0.8266
0.8652
0.8029
-0.9775
-0.9757
-0.9740
0.6883
0.9696
0.8775
0.8208
0.8910
0.9996
0.7774
0.7945
-0.8150
-0.9269
-0.9881
-0.9856
-0.9818
-0.8694
-0.7367
0.9023
0.7481
-0.8614
-0.8280
0.9285
0.9856
0.9997
0.9368
0.8330
0.7358
0.9719
0.9835
0.9939
0.9983
0.9959
0.7794
-0.7059
-0.7712
-0.6878
0.7378
-0.8638
0.8132
0.7763
0.9249
0.9307
0.9527
-0.9652
-0.9590
-0.9685
-0.9893
-0.9959
0.7815
0.9986
0.8717
0.7151
0.7660
-0.9157
-0.9390
-0.9007
-0.7874
0.8310
-0.6809
0.9572
0.9678
0.9453
-0.9702
-0.9720
-0.9822
-0.9761
-0.7321
-0.7669
0.9995
0.6224
0.7704
-0.9501
-0.9763
-0.9901
-1.0000
-0.9754
0.9855
0.9751
0.9982
0.8223
0.9296
0.9503
-0.9429
-0.9672
-0.9805
-0.9770
-0.9710
-0.7133
0.8837
0.9089
0.9731
0.7730
0.7948
0.8066
-0.7879
0.9350
0.9194
0.9236
-0.9614
-0.9354
-0.9233
0.9264
0.8533
0.8905
0.8559
0.8004
-0.7856
0.9662
0.9555
-0.9172
-0.9517
-0.9634
0.8706
0.9950
0.8023
0.8041
-0.7490
0.9663
0.9670
0.9653
0.9672
-0.8760
-0.8922
0.9957
0.9986
0.9466
-0.9910
-0.8989
-0.9466
0.9712
0.9729
0.9245
0.9980
0.9932
0.9774
0.9883
0.9992
0.9936
0.9787
0.8899
0.9652
0.9428
0.7760
-0.7419
0.9434
0.9452
-0.8705
-0.8628
-0.8831
0.9922
0.9990
0.9992
0.9946
0.8310
0.8079
-0.8761
-0.9074
-0.9201
-0.9753
-0.9567
-0.9072
0.8514
0.9121
0.9818
0.9923
0.9178
0.9805
0.9902
0.9983
0.9999
0.9996
0.9967
0.9970
0.9998
0.9887
0.9791
0.9710
0.9709
0.9646
0.9516
0.9349
0.7220
-0.7752
-0.7622
0.9650
0.9596
-0.9591
-0.8902
0.9711
0.9999
0.6867
0.8683
0.9932
0.9968
0.9963
0.9172
0.9879
0.9892
0.9176
0.9176
0.9276
0.8855
0.8467
-0.7561
0.8704
0.9351
-0.9567
-0.9749
-0.9803
-0.8661
-0.9644
-0.7083
0.9412
0.9490
0.9423
-0.9915
-0.9998
-1.0000
0.8469
0.8681
0.9401
0.9588
0.8563
0.8519
-0.8948
-0.9184
0.9840
0.8628
-0.9259
-0.9776
0.9415
0.9498
0.9676
-0.9546
0.9535
0.9220
0.8971
0.9410
0.8975
-0.8996
-0.8851
0.9073
-0.8072
-0.8391
-0.9373
-0.9356
-0.9393
0.9773
0.9751
0.9610
-0.9409
-0.9465
-0.9583
0.9819
0.9857
0.8682
0.7758
0.9961
0.9885
0.9693
0.9449
0.9685
0.9955
0.9972
-0.8814
-0.9009
-0.7178
-0.7413
0.8065
-0.7422
-0.9047
-0.7705
-0.9351
-0.9848
-0.9220
-0.9341
0.9451
0.9368
0.9334
-0.9756
0.9821
0.9963
0.9577
0.9072
0.9281
0.9169
0.9696
0.9784
0.9883
0.9962
-0.8828
-0.8718
0.9195
0.8977
-0.9879
-0.8205
-0.7665
-0.8885
0.9929
0.9927
-0.9959
-0.9912
-0.9883
-0.9828
-0.9866
-0.9836
-0.9856
-0.9998
-0.9854
-0.9736
-0.9919
0.9365
0.9524
0.9715
0.9732
0.9518
0.9643
-0.9849
-0.9662
-0.9309
-0.9870
-0.9631
-0.9950
-0.9134
-0.7128
-0.8431
0.9703
0.9433
-0.7862
0.9627
-1.0000
-0.9977
-0.9982
-0.9999
0.9590
0.9455
0.9344
0.8769
0.9208
-0.9914
-0.9934
-0.9919
-0.9872
-0.9829
-0.9829
0.9998
0.8215
0.8668
-0.6914
-0.9693
-0.8653
0.9789
0.9806
-0.9944
-0.9744
0.9201
0.9076
-0.9098
-0.9536
-0.9984
-0.9579
-0.8655
-0.9428
0.9066
0.8459
0.8406
-0.9034
-0.9294
-0.9619
-0.9820
-0.7678
-0.8403
0.9227
0.7863
-0.9815
-0.9891
-0.9933
-0.9917
0.9114
0.9366
0.9620
0.8540
0.9020
0.9118
0.9987
0.7189
0.6547
0.8792
0.8623
-0.9247
-0.9027
-0.9995
-0.8750
-0.8830
-0.7759
-0.7465
-0.8339
-0.9842
-0.9769
-0.9678
-0.9585
0.9665
0.9487
0.9283
0.8812
-0.9111
-0.9363
-0.6353
-0.9439
-0.9891
-0.9004
-0.8247
-0.7606
-0.7390
0.7929
-0.9445
-0.9277
-0.9199
0.9162
0.9194
0.8780
0.8933
-0.8388
0.9975
-0.9566
-0.9939
-0.9476
-0.8011
-0.7625
-0.8338
0.8501
0.9234
0.9659
-0.9305
-0.9529
-0.9645
0.9306
0.9418
0.9529
0.8525
0.8731
-0.8450
-0.8514
0.9534
0.9195
0.8711
-0.9735
-0.9776
-0.9907
-0.9959
0.9644
0.9677
0.9736
0.8332
-0.9067
0.8816
0.8935
0.9344
0.9305
-0.9906
-0.9795
-0.9542
-0.9404
0.9854
0.9919
0.9904
0.9811
0.9679
0.9603
-0.8393
-0.9920
-0.9043
0.8138
-0.9732
-0.9985
-0.9850
0.8985
0.8699
0.8585
-0.9346
-0.9279
0.9590
0.9569
0.9537
0.7681
-0.9050
0.9101
0.9494
0.9655
-0.8707
-0.7851
0.9413
0.9396
-0.8542
-0.9986
-0.7604
-0.7443
-0.9385
-0.9736
0.9447
0.9217
-0.7482
-0.8928
0.9453
0.9547
0.9985
-0.9994
-0.9983
-0.9996
-0.9938
-0.9946
-0.9994
-0.9947
0.8915
0.8715
-0.9988
-0.9269
-0.9931
-0.9844
-0.9667
-0.9697
0.9699
0.9620
0.9258
0.9991
0.9974
0.9998
-0.9739
-0.9760
-0.9771
0.8832
0.9220
-0.9611
-0.9539
-0.9560
-0.9631
0.8729
0.8241
0.9269
0.9472
0.9265
0.7318
-0.9682
-0.9437
-0.9313
0.9358
0.9144
-0.9738
-0.9820
-0.9868
-0.9855
0.8492
0.8596
0.9816
0.8259
0.8508
-0.9984
-0.9904
-0.8284
-0.9227
-0.9166
0.8292
0.7999
-0.9809
-0.9646
-0.9357
0.9095
0.9924
0.9227
0.7526
0.9102
1.0000
0.8933
0.8350
-0.7907
-0.9418
-0.9866
-0.9511
-0.8592
-0.7792
-0.9529
-0.9938
-0.8749
-0.7893
-0.9051
-0.8857
0.8080
-0.9076
-0.8846
0.8036
0.8592
0.9435
0.9672
0.9722
0.9449
-0.8537
-0.8991
-0.8721
-0.9277
0.9998
-0.9984
-0.8657
-0.8511
0.8214
-0.8752
-0.8950
-0.9254
0.9659
-0.9559
-0.8872
-0.9953
-0.9125
-0.8382
-0.8305
0.7706
0.6978
-0.9557
-0.9623
-0.9548
0.9478
0.8662
-0.9148
-0.9469
-0.8445
0.9414
0.7764
-0.7418
-0.6356
-0.8130
-0.9321
-0.8955
0.6683
0.7027
0.9679
0.9978
-0.8924
-0.9072
-0.9811
-0.9858
-0.9143
-0.9204
-0.9691
-0.8210
-0.9288
-0.7828
-0.7267
0.7180
-0.8458
-0.8125
0.7208
0.7671
-0.8281
-0.8539
-0.6500
-0.7478
-0.8839
-0.9252
-0.9738
-0.9173
-0.8393
0.7479
-0.7921
0.7512
0.7566
-0.8115
0.7496
-0.7615
0.7678
-0.8837
0.7600
-0.8098
0.6923
-1.0000
-0.8030
-0.9022
-0.9997
-0.9993
-0.9989
-0.9981
-0.8847
-0.8645
0.7346
0.6366
-0.7334
-0.7345
0.7947
-0.9582
-1.0000
-0.9253
0.9460
0.8438
-0.7483
0.9530
0.9998
0.6753
-0.6732
-0.9390
-0.9133
-0.8531
-0.9925
-0.9849
-0.9923
0.9043
0.9520
-0.8770
-0.8443
-0.7661
0.8307
0.8483
0.9432
-0.7365
0.8469
0.8947
0.8356
0.8657
0.7121
-0.8948
-0.9521
-0.9604
-0.9783
-0.9888
-0.7469
-0.8025
0.8558
0.8418
0.8018
-0.7448
0.7388
-0.9665
-0.9335
-0.8118
0.8266
-0.7548
-0.9378
-0.9285
-0.9807
-0.9973
-0.9882
-0.9279
-0.8946
0.7514
-0.7956
-0.7814
0.8309
0.8454
-0.7494
0.6244
0.8281
0.9992
0.9356
0.8635
0.9954
0.8959
-0.9634
-0.9950
-0.9966
-0.9952
-0.9929
-0.9962
-0.9982
-0.9996
-0.9998
-0.9974
-0.9696
-0.9151
-0.9362
-0.9032
-0.9829
0.8103
-0.7891
0.8850
0.9475
-0.7003
-0.6280
-0.7329
-0.9987
-0.8756
-0.7981
-1.0000
-0.8985
-0.9965
-1.0000
-0.9614
0.7913
-0.8042
0.9777
-0.9686
-0.8783
0.9850
0.7566
-0.8156
-0.8284
0.9987
0.9725
0.7160
-0.8459
-0.9832
-0.9948
-0.9247
-0.8553
-0.8114
0.7898
0.7016
0.6971
-0.8574
-0.8657
0.6996
0.8621
0.9368
0.9754
0.8926
0.6889
0.5962
-0.8519
0.7774
0.8127
0.9228
0.7949
-0.7884
-0.8850
-0.8233
-0.7895
0.8040
0.9981
0.9817
0.9713
0.9853
0.9959
0.9699
0.9067
0.9944
0.9680
0.9498
0.8031
0.7750
0.8521
-0.8330
-0.7662
-0.7256
0.7204
-0.7633
0.7842
0.6647
0.8957
0.9137
0.9922
0.9686
0.8830
0.8397
-0.8252
-0.8228
0.7625
-0.7517
0.7650
-0.7665
0.7812
-0.7597
-0.7690
0.7398
0.7806
-0.7895
0.7071
-0.7355
-0.9768
-0.8617
0.9284
-0.9979
-0.9997
-0.7177
0.7721
0.7604
-0.7937
-0.7805
-0.9985
-0.9997
-0.7167
0.7587
-0.6886
0.7827
0.8419
0.9594
0.9997
0.9427
0.8310
0.9913
0.9634
0.7032
0.8073
0.8948
0.9221
0.9066
0.8975
0.8829
0.9562
0.9821
0.9217
0.9472
0.8660
0.7538
-0.9884
-0.9343
-0.9929
0.9697
0.9655
0.9483
-0.9646
-0.9370
-0.8768
0.9262
0.7837
0.7537
-0.9529
-0.9199
-0.9033
0.9329
0.9505
0.9908
0.9971
0.9949
0.9998
0.9875
0.9738
0.9842
0.9999
0.9999
0.9996
0.9955
0.9841
0.9748
0.9855
0.9997
0.9827
0.9400
0.9365
0.9687
0.8599
-0.8974
-0.9003
0.9952
0.9989
0.9917
0.9931
0.9765
0.9336
0.9520
0.9552
0.9909
0.9951
0.9738
0.9813
0.9865
0.9881
0.9928
0.9950
0.9963
0.9944
0.9902
0.7962
0.9217
-0.9150
-0.9063
-0.9174
0.8876
0.8989
0.9828
0.9799
0.9836
0.9734
0.9919
0.9942
0.9967
0.9976
0.9977
0.9914
0.9783
0.9680
0.9959
-0.9452
-0.9575
-0.9367
-0.9754
-0.9939
-0.9910
-0.9761
-0.9803
-0.9847
-0.9976
-0.9954
-0.9579
-0.9576
-0.9196
-0.9860
-0.9946
-0.9841
-0.9897
0.9372
0.9463
0.9273
0.9640
0.9662
0.9914
0.9997
0.9994
1.0000
0.9989
0.9975
0.9928
0.9720
0.9903
0.9965
0.9928
0.9919
-0.8233
-0.8805
-0.9982
-0.9909
-0.9742
-0.9686
-0.9732
-0.9715
-0.9987
-0.9812
-0.9670
-0.9612
0.9223
0.9343
0.9435
0.9572
-0.9218
-0.9694
-0.9990
-0.9944
-0.9838
-0.9908
-0.9957
-0.9994
-1.0000
-0.9999
-0.9999
-1.0000
-1.0000
0.9858
0.9974
-0.8127
-0.9693
-0.9689
-0.9587
0.9212
0.9184
0.9507
0.9460
0.9334
-0.9981
-0.9903
-0.9572
-0.9187
-0.9999
-0.9987
-0.9930
-0.9867
-0.9864
-0.9890
-0.9889
-0.9726
0.9733
0.8229
-0.9366
-0.9191
0.8917
0.8409
0.9874
0.9838
0.9717
0.9597
-0.9306
-0.9453
-0.9672
-0.9858
-0.9884
-0.9876
-0.9927
-0.9973
-0.9647
-0.9871
-0.9743
-0.9591
-0.9767
0.7725
0.7711
-0.8947
-0.8638
0.7927
0.9936
0.9953
0.9698
0.9607
-0.9836
-0.9824
-0.9615
-0.9459
-0.9982
0.6800
-0.9698
-0.8223
-0.7980
0.7720
0.7803
0.8926
0.9705
0.9996
-0.9904
-0.9834
-0.9840
-0.7948
0.8058
0.8758
0.8484
-0.9705
-0.9787
-0.9744
-0.9800
-0.9898
0.9063
0.9840
0.8703
-0.8149
-0.8300
0.8173
0.9008
-0.9424
-0.9381
-0.9300
-0.9399
-0.9043
0.7446
-0.8346
0.8026
0.7644
0.9736
0.9088
-0.8611
-0.8994
-0.9284
-0.7821
0.9390
0.8924
-0.8200
-0.7879
0.7418
0.7764
0.7392
0.9922
-0.7341
-0.7726
-0.7590
0.7675
-0.6671
-0.7475
0.8438
-0.7652
-0.7380
-0.7658
0.8370
0.9750
-0.8724
-0.7961
0.8703
-0.6703
-0.7263
-0.7963
-0.7226
0.9686
-0.9320
0.7881
0.9066
-0.9382
0.7364
0.6896
0.7822
0.8088
-0.7576
0.7867
0.7752
-0.8079
0.7439
-0.7964
0.9946
0.9990
1.0000
0.9973
0.7141
0.9855
0.9910
1.0000
0.9958
0.9967
0.9994
0.9998
0.9889
0.9964
0.9985
0.9962
0.9728
0.9645
0.9819
0.9966
0.9497
0.9552
0.9974
0.9950
0.9862
0.9923
0.9935
0.9970
0.9994
0.9989
0.9959
0.9826
0.9435
0.9050
0.8518
0.9840
0.9996
1.0000
0.9998
0.9990
0.9997
0.9999
0.9974
0.9899
0.9729
0.8696
0.8414
0.9528
0.8344
0.8293
0.9442
0.9959
-0.9987
-0.9993
-0.9992
-0.9998
-0.9943
0.8950
0.9562
0.8097
0.8168
0.7398
0.8382
0.8053
0.8753
-0.8464
-0.9593
-0.9969
-0.9987
-0.9948
-0.9913
-0.9965
-0.9905
-0.9728
-0.9798
-0.9987
-0.9978
-0.9922
-0.9888
-0.9892
-0.9877
-0.9637
-0.9478
-0.9522
-0.9859
-0.9879
-0.9986
-0.9972
-0.9914
-0.9984
-0.9354
-0.8592
-0.8037
0.9879
0.9930
0.9898
0.9892
0.9940
0.9965
0.9967
0.7906
0.9832
0.9236
0.7651
0.8630
0.7883
0.6760
0.8997
0.9227
-0.9903
-0.9940
-0.9985
-1.0000
-0.9997
-0.9998
-1.0000
-0.9979
-0.8808
0.9876
0.8831
0.9887
0.8413
0.7887
0.8419
0.9323
0.9388
-0.8071
-0.9930
-0.9965
-0.9956
0.8652
-0.9887
-0.9877
-0.9880
-0.9920
-0.9940
-0.9923
-0.9875
-0.9860
0.8784
0.9239
0.6529
-0.9415
-0.9982
-0.9767
-0.8932
-0.9055
0.8276
-0.6626
-0.9676
-0.9656
-0.7443
0.9703
0.8957
0.8005
-0.7224
-0.9848
-0.9076
-0.8673
-0.9867
-0.8515
-0.9766
0.9727
0.8574
-0.8327
-0.8666
-0.9977
-0.7645
-0.9983
-0.9383
-0.7856
-0.9697
-0.8147
-0.8610
-0.8111
-0.9793
0.7008
-0.8041
-0.9841
0.7122
0.8442
-0.9306
-0.9997
-0.8223
0.8452
-0.9090
-0.7479
-0.7898
0.9999
-0.9985
-0.9250
-0.8457
-0.9907
-0.8041
-0.7305
-0.7196
-0.6265
-0.8407
0.7659
0.9987
-0.9378
-0.8737
0.7599
0.7983
0.9982
0.9827
0.9665
0.9422
0.9681
0.9098
0.8537
0.8581
0.7972
-0.7825
-0.9845
0.9457
0.7854
0.9598
0.9998
0.8145
-0.9838
-0.9941
-0.9997
0.8587
0.9937
-0.9927
-0.9989
-0.9979
-0.8767
-0.9770
-0.9834
-0.9962
-0.9990
-0.9849
-0.7116
-0.9465
-0.9279
-0.7268
0.8495
0.9766
0.8447
-0.9707
-0.9651
-0.9896
-0.9987
-0.9936
-0.9859
-0.9886
0.8200
0.9819
0.6817
0.7728
0.9291
0.9939
0.9915
-0.7442
-0.8033
-0.9262
-0.9075
0.9647
0.9735
0.9303
0.8459
0.9876
-0.8648
-0.8581
-0.9138
0.9988
0.9879
0.9731
0.9885
0.9995
0.9879
-0.9124
0.9681
0.9417
-0.8147
-0.9823
0.9959
0.9530
0.9168
0.9263
0.9956
0.9969
-0.8453
-0.9796
-0.6950
0.9419
0.9084
-0.7605
0.9010
0.8694
0.8320
0.9875
-0.7544
-0.9855
0.9511
0.9949
0.9854
0.9225
-0.8881
-0.8351
-0.9210
0.9303
0.8493
-0.7094
-0.8856
-0.9848
0.9300
0.9305
-0.8854
-0.9503
-0.9998
-1.0000
-0.9837
-0.8801
-0.9301
-0.9776
-0.9917
-0.9713
-0.9795
-0.9972
-0.9999
-0.9996
-0.9991
0.7503
-0.8251
-0.8084
-0.9871
-0.8889
-0.9996
-0.9894
-0.9891
-0.9797
0.9218
0.9300
0.9370
0.9579
0.8181
0.8157
-0.9998
-0.9969
-0.9521
-0.8594
-0.8850
-0.6035
-0.9016
-0.8997
-0.8964
-0.8709
0.9750
0.9676
0.9528
0.9822
0.9087
0.8422
-0.9301
-0.9840
-0.9954
-0.9959
-0.9989
-0.6624
-0.8520
-0.9994
-0.9441
-0.8631
-0.8028
0.9890
-0.8377
0.7085
-0.8669
-0.9688
-0.9911
-0.9858
-0.8225
0.9315
0.9827
0.9952
-0.9836
-0.9802
-0.9878
-0.9992
-0.9681
-0.9205
-0.8512
0.7119
0.9060
-0.9999
0.7597
0.8120
0.9734
-0.8610
-0.7618
-0.9619
-0.9997
0.7891
0.8437
-0.9161
-0.8896
-0.9811
-0.8570
-0.6909
0.9977
0.9263
0.9156
-0.7420
-0.8808
-0.8951
0.9853
0.9135
0.8730
0.8705
0.9639
0.7179
0.8466
0.9288
0.9481
-0.7995
-0.7954
-0.9490
0.8571
0.8195
-0.7100
0.7790
0.9460
0.9232
-0.8253
-0.8424
-0.9251
0.9110
0.9396
-0.9620
-0.9998
-0.9965
-0.8556
-0.9160
-0.9754
-0.9990
-0.9436
0.8499
-0.9086
-0.9176
-0.8557
-0.9949
-0.8411
-0.7677
-0.8663
-0.8243
0.8199
-0.8984
-0.9223
-0.8698
0.9919
0.9981
0.9514
0.8744
-0.8624
-0.8689
-0.8126
0.9910
0.9860
0.9946
0.9982
0.9885
0.9827
0.9884
0.9919
0.9866
0.9913
-0.8219
-0.8023
0.9461
0.9183
0.9281
0.9611
0.9790
0.9867
0.9884
0.9912
0.9837
0.9827
0.9918
-0.9070
-0.8212
0.9089
0.8991
0.9432
0.9908
0.9959
-0.9999
-0.9745
-0.9995
-0.6641
-0.7069
-0.9877
0.8886
0.8962
0.9162
-0.9666
-0.9968
-0.9996
-0.9977
-0.9949
-0.9938
-0.9956
-0.9941
-0.9905
-0.7838
0.7139
0.9936
0.8147
0.9741
-0.9800
0.8866
0.8663
-0.9658
-0.9965
-0.9995
-0.9864
-0.9705
-0.9501
-0.9598
-0.8253
-0.8962
0.8012
0.8861
0.8918
-0.8864
-0.8975
1.0000
1.0000
0.9936
0.9705
0.9127
-0.9684
-0.9611
-0.8863
-0.9971
-0.8812
-0.9831
-0.9992
-0.9400
-0.8353
0.9514
0.7099
0.8598
0.9714
-0.8680
-0.9637
-1.0000
0.7319
0.8585
0.9982
0.9994
0.9818
0.9221
0.8691
0.9946
0.9578
0.9941
0.9959
0.9884
0.9913
0.9367
-0.9042
-0.8591
0.8679
0.9001
-0.7730
0.8548
-0.9657
0.9641
0.9519
-0.9167
-0.9977
-0.9481
0.8703
0.8816
-0.9695
-0.9456
-0.9406
-0.9513
-0.9997
-0.9952
-0.9976
-0.9984
0.9259
0.9373
0.9630
0.9869
0.9956
0.9949
0.9917
0.9939
0.9997
0.9889
0.5517
-0.7940
-0.8274
-0.8721
-0.9858
-0.9964
-0.9766
-0.9736
-0.9465
-0.9890
-0.9659
0.9091
-0.9561
-0.9989
-0.9684
-0.9993
-0.8546
-0.8304
-0.8970
-0.7948
-0.9461
-0.9534
-0.9172
-0.9558
-0.9384
-0.9004
-0.9912
-0.9642
-0.9841
-0.9990
-0.9970
-0.9980
-1.0000
-0.9998
-1.0000
-0.9995
-0.9988
-0.7938
-0.9162
-0.9828
-0.9653
-0.9738
-0.9880
-0.9932
-0.9971
-0.9985
0.9868
0.9890
0.9936
0.9865
0.9814
0.8492
0.8889
0.9990
0.9187
-0.5758
-0.7362
0.9558
0.9938
0.9515
0.7606
0.6910
0.9782
0.6304
-0.8380
-0.7607
0.9904
0.7528
0.7185
-0.7476
-0.8897
-0.9843
-0.8296
0.6902
-0.8449
-0.9988
-0.9566
-0.9618
-0.9976
-0.8480
-0.7881
0.8680
0.8083
0.8285
-1.0000
-0.7863
-0.9573
-0.9832
-0.9617
-0.8781
-0.8335
-0.8695
-0.9311
0.7785
-0.7527
-0.9992
0.7540
0.7303
-0.7081
-0.9989
-0.9733
-0.9575
-0.8145
0.8246
0.8375
0.7331
-0.7352
0.7766
-0.7870
0.8480
-0.7148
-0.9710
-0.9927
-0.8845
-0.9902
-1.0000
-0.9943
-0.9399
-0.7145
-0.9486
-0.8542
-0.9553
-0.9336
0.8038
-0.8066
0.8594
0.8469
-0.7838
-0.8863
-0.9884
-0.9996
-0.9865
0.8547
0.8647
-0.8319
-0.7134
0.7574
-0.7623
0.8866
0.8660
-0.8029
-0.7687
-0.7653
0.9026
0.8409
0.9914
0.9905
0.9524
0.8725
0.7901
-0.8653
-0.9995
-0.9876
-0.8681
-0.9998
