3.0000
3.0000
3.0000
4.0000
4.0000
4.0000
4.0000
4.0000
4.0000
5.0000
5.0000
5.0000
5.0000
5.0000
5.0000
6.0000
6.0000
6.0000
7.0000
7.0000
7.0000
7.0000
7.0000
7.0000
8.0000
8.0000
8.0000
8.0000
8.0000
8.0000
8.0000
9.0000
9.0000
9.0000
9.0000
10.0000
10.0000
11.0000
11.0000
12.0000
12.0000
12.0000
13.0000
13.0000
13.0000
13.0000
14.0000
14.0000
15.0000
15.0000
15.0000
15.0000
16.0000
16.0000
16.0000
16.0000
16.0000
17.0000
17.0000
17.0000
17.0000
18.0000
18.0000
18.0000
18.0000
18.0000
18.0000
19.0000
19.0000
19.0000
19.0000
19.0000
19.0000
19.0000
20.0000
20.0000
20.0000
20.0000
20.0000
20.0000
20.0000
21.0000
21.0000
21.0000
21.0000
22.0000
22.0000
22.0000
22.0000
23.0000
23.0000
23.0000
24.0000
24.0000
24.0000
25.0000
25.0000
25.0000
26.0000
26.0000
26.0000
27.0000
27.0000
28.0000
28.0000
28.0000
28.0000
28.0000
28.0000
29.0000
29.0000
29.0000
29.0000
29.0000
29.0000
30.0000
30.0000
30.0000
30.0000
30.0000
30.0000
30.0000
30.0000
30.0000
31.0000
31.0000
31.0000
31.0000
31.0000
31.0000
31.0000
31.0000
31.0000
32.0000
32.0000
32.0000
32.0000
32.0000
32.0000
32.0000
32.0000
32.0000
32.0000
33.0000
33.0000
33.0000
33.0000
33.0000
33.0000
33.0000
33.0000
33.0000
33.0000
34.0000
34.0000
34.0000
34.0000
34.0000
34.0000
34.0000
34.0000
35.0000
35.0000
35.0000
35.0000
35.0000
35.0000
35.0000
36.0000
36.0000
36.0000
36.0000
36.0000
36.0000
36.0000
36.0000
36.0000
37.0000
37.0000
37.0000
37.0000
37.0000
37.0000
37.0000
37.0000
37.0000
37.0000
37.0000
37.0000
38.0000
38.0000
38.0000
38.0000
38.0000
38.0000
38.0000
38.0000
38.0000
38.0000
38.0000
38.0000
38.0000
38.0000
39.0000
39.0000
39.0000
39.0000
39.0000
39.0000
39.0000
39.0000
39.0000
39.0000
39.0000
39.0000
40.0000
40.0000
40.0000
40.0000
40.0000
40.0000
40.0000
40.0000
40.0000
40.0000
40.0000
40.0000
41.0000
41.0000
41.0000
41.0000
41.0000
41.0000
41.0000
41.0000
41.0000
41.0000
41.0000
42.0000
42.0000
42.0000
42.0000
42.0000
42.0000
42.0000
42.0000
42.0000
42.0000
43.0000
43.0000
43.0000
43.0000
43.0000
43.0000
44.0000
44.0000
44.0000
44.0000
44.0000
44.0000
44.0000
44.0000
45.0000
45.0000
45.0000
45.0000
45.0000
45.0000
45.0000
45.0000
45.0000
46.0000
46.0000
46.0000
46.0000
46.0000
46.0000
46.0000
46.0000
46.0000
47.0000
47.0000
47.0000
47.0000
47.0000
47.0000
47.0000
47.0000
47.0000
47.0000
48.0000
48.0000
48.0000
48.0000
48.0000
48.0000
48.0000
48.0000
48.0000
49.0000
49.0000
49.0000
49.0000
49.0000
49.0000
49.0000
49.0000
50.0000
50.0000
50.0000
50.0000
50.0000
50.0000
50.0000
50.0000
50.0000
51.0000
51.0000
51.0000
51.0000
51.0000
51.0000
51.0000
51.0000
52.0000
52.0000
52.0000
52.0000
52.0000
52.0000
52.0000
52.0000
53.0000
53.0000
53.0000
53.0000
53.0000
53.0000
54.0000
54.0000
54.0000
54.0000
54.0000
54.0000
54.0000
54.0000
55.0000
55.0000
55.0000
55.0000
55.0000
55.0000
55.0000
56.0000
56.0000
56.0000
56.0000
56.0000
57.0000
57.0000
57.0000
57.0000
57.0000
57.0000
58.0000
58.0000
58.0000
58.0000
58.0000
58.0000
58.0000
58.0000
58.0000
58.0000
58.0000
59.0000
59.0000
59.0000
59.0000
59.0000
59.0000
59.0000
59.0000
59.0000
59.0000
59.0000
59.0000
59.0000
59.0000
60.0000
60.0000
60.0000
60.0000
60.0000
60.0000
60.0000
60.0000
60.0000
60.0000
60.0000
61.0000
61.0000
61.0000
61.0000
61.0000
61.0000
61.0000
61.0000
61.0000
61.0000
61.0000
61.0000
62.0000
62.0000
62.0000
62.0000
62.0000
62.0000
62.0000
62.0000
62.0000
62.0000
62.0000
62.0000
63.0000
63.0000
63.0000
63.0000
63.0000
63.0000
63.0000
63.0000
63.0000
63.0000
63.0000
63.0000
63.0000
63.0000
64.0000
64.0000
64.0000
64.0000
64.0000
64.0000
64.0000
64.0000
64.0000
64.0000
64.0000
64.0000
64.0000
64.0000
65.0000
65.0000
65.0000
65.0000
65.0000
65.0000
65.0000
65.0000
65.0000
65.0000
65.0000
66.0000
66.0000
66.0000
66.0000
66.0000
66.0000
66.0000
67.0000
67.0000
67.0000
67.0000
67.0000
67.0000
68.0000
68.0000
68.0000
68.0000
68.0000
69.0000
69.0000
69.0000
69.0000
69.0000
69.0000
69.0000
70.0000
70.0000
70.0000
70.0000
70.0000
70.0000
70.0000
70.0000
71.0000
71.0000
71.0000
71.0000
71.0000
71.0000
72.0000
72.0000
72.0000
72.0000
72.0000
72.0000
72.0000
72.0000
73.0000
73.0000
73.0000
73.0000
73.0000
73.0000
74.0000
74.0000
74.0000
74.0000
74.0000
74.0000
74.0000
74.0000
75.0000
75.0000
75.0000
75.0000
75.0000
75.0000
75.0000
76.0000
76.0000
76.0000
76.0000
76.0000
76.0000
76.0000
76.0000
76.0000
77.0000
77.0000
77.0000
77.0000
77.0000
77.0000
77.0000
77.0000
77.0000
78.0000
78.0000
78.0000
78.0000
78.0000
78.0000
78.0000
78.0000
78.0000
78.0000
79.0000
79.0000
79.0000
79.0000
79.0000
79.0000
79.0000
79.0000
79.0000
79.0000
80.0000
80.0000
80.0000
80.0000
80.0000
80.0000
80.0000
80.0000
80.0000
81.0000
81.0000
81.0000
81.0000
81.0000
81.0000
81.0000
81.0000
81.0000
81.0000
82.0000
82.0000
82.0000
82.0000
82.0000
82.0000
82.0000
82.0000
82.0000
82.0000
83.0000
83.0000
83.0000
83.0000
83.0000
83.0000
83.0000
83.0000
83.0000
83.0000
83.0000
84.0000
84.0000
84.0000
84.0000
84.0000
84.0000
84.0000
84.0000
84.0000
85.0000
85.0000
85.0000
85.0000
85.0000
85.0000
85.0000
85.0000
85.0000
85.0000
85.0000
86.0000
86.0000
86.0000
86.0000
86.0000
86.0000
86.0000
86.0000
87.0000
87.0000
87.0000
87.0000
87.0000
87.0000
87.0000
87.0000
87.0000
87.0000
88.0000
88.0000
88.0000
88.0000
88.0000
88.0000
88.0000
88.0000
88.0000
88.0000
89.0000
89.0000
89.0000
89.0000
89.0000
89.0000
90.0000
90.0000
90.0000
90.0000
90.0000
90.0000
90.0000
90.0000
91.0000
91.0000
91.0000
91.0000
91.0000
91.0000
91.0000
91.0000
92.0000
92.0000
92.0000
92.0000
92.0000
92.0000
92.0000
92.0000
92.0000
92.0000
93.0000
93.0000
93.0000
93.0000
93.0000
93.0000
93.0000
93.0000
93.0000
93.0000
93.0000
94.0000
94.0000
94.0000
94.0000
94.0000
94.0000
94.0000
94.0000
94.0000
94.0000
94.0000
95.0000
95.0000
95.0000
95.0000
95.0000
95.0000
95.0000
95.0000
95.0000
95.0000
96.0000
96.0000
96.0000
96.0000
96.0000
96.0000
96.0000
96.0000
96.0000
96.0000
96.0000
97.0000
97.0000
97.0000
97.0000
97.0000
97.0000
97.0000
97.0000
97.0000
97.0000
98.0000
98.0000
98.0000
98.0000
98.0000
98.0000
98.0000
98.0000
98.0000
98.0000
98.0000
98.0000
99.0000
99.0000
99.0000
99.0000
99.0000
99.0000
99.0000
99.0000
99.0000
99.0000
100.0000
100.0000
100.0000
100.0000
100.0000
100.0000
100.0000
100.0000
100.0000
100.0000
100.0000
100.0000
100.0000
101.0000
101.0000
101.0000
101.0000
101.0000
101.0000
101.0000
101.0000
101.0000
101.0000
101.0000
102.0000
102.0000
102.0000
102.0000
102.0000
102.0000
102.0000
102.0000
102.0000
102.0000
102.0000
102.0000
103.0000
103.0000
103.0000
103.0000
103.0000
103.0000
103.0000
103.0000
103.0000
103.0000
103.0000
103.0000
104.0000
104.0000
104.0000
104.0000
104.0000
104.0000
104.0000
104.0000
104.0000
104.0000
104.0000
105.0000
105.0000
105.0000
105.0000
105.0000
105.0000
105.0000
105.0000
106.0000
106.0000
106.0000
106.0000
106.0000
106.0000
106.0000
106.0000
107.0000
107.0000
107.0000
107.0000
107.0000
107.0000
107.0000
107.0000
107.0000
107.0000
107.0000
108.0000
108.0000
108.0000
108.0000
108.0000
108.0000
108.0000
108.0000
108.0000
108.0000
108.0000
108.0000
108.0000
108.0000
108.0000
109.0000
109.0000
109.0000
109.0000
109.0000
109.0000
109.0000
109.0000
109.0000
109.0000
109.0000
109.0000
109.0000
109.0000
109.0000
109.0000
109.0000
110.0000
110.0000
110.0000
110.0000
110.0000
110.0000
110.0000
110.0000
110.0000
110.0000
110.0000
110.0000
110.0000
110.0000
110.0000
110.0000
110.0000
110.0000
111.0000
111.0000
111.0000
111.0000
111.0000
111.0000
111.0000
111.0000
111.0000
111.0000
111.0000
111.0000
111.0000
111.0000
111.0000
111.0000
111.0000
111.0000
112.0000
112.0000
112.0000
112.0000
112.0000
112.0000
112.0000
112.0000
112.0000
112.0000
112.0000
112.0000
112.0000
112.0000
112.0000
112.0000
112.0000
112.0000
112.0000
113.0000
113.0000
113.0000
113.0000
113.0000
113.0000
113.0000
113.0000
113.0000
113.0000
113.0000
113.0000
113.0000
113.0000
113.0000
113.0000
113.0000
114.0000
114.0000
114.0000
114.0000
114.0000
114.0000
114.0000
114.0000
114.0000
114.0000
114.0000
114.0000
114.0000
114.0000
115.0000
115.0000
115.0000
115.0000
115.0000
115.0000
115.0000
115.0000
115.0000
115.0000
115.0000
116.0000
116.0000
116.0000
116.0000
116.0000
116.0000
116.0000
116.0000
117.0000
117.0000
117.0000
117.0000
117.0000
117.0000
117.0000
117.0000
118.0000
118.0000
118.0000
118.0000
118.0000
118.0000
118.0000
118.0000
119.0000
119.0000
119.0000
119.0000
119.0000
119.0000
119.0000
119.0000
120.0000
120.0000
120.0000
120.0000
120.0000
120.0000
120.0000
120.0000
120.0000
120.0000
120.0000
121.0000
121.0000
121.0000
121.0000
121.0000
121.0000
121.0000
121.0000
121.0000
121.0000
122.0000
122.0000
122.0000
122.0000
122.0000
122.0000
122.0000
122.0000
122.0000
122.0000
123.0000
123.0000
123.0000
123.0000
123.0000
123.0000
123.0000
123.0000
123.0000
123.0000
124.0000
124.0000
124.0000
124.0000
124.0000
124.0000
124.0000
124.0000
124.0000
124.0000
124.0000
124.0000
125.0000
125.0000
125.0000
125.0000
125.0000
125.0000
125.0000
125.0000
125.0000
125.0000
126.0000
126.0000
126.0000
126.0000
126.0000
126.0000
126.0000
126.0000
126.0000
127.0000
127.0000
127.0000
127.0000
127.0000
127.0000
127.0000
127.0000
127.0000
127.0000
128.0000
128.0000
128.0000
128.0000
128.0000
128.0000
128.0000
128.0000
128.0000
128.0000
128.0000
128.0000
128.0000
129.0000
129.0000
129.0000
129.0000
129.0000
129.0000
129.0000
129.0000
129.0000
129.0000
129.0000
129.0000
129.0000
129.0000
130.0000
130.0000
130.0000
130.0000
130.0000
130.0000
130.0000
130.0000
130.0000
130.0000
130.0000
130.0000
130.0000
130.0000
130.0000
130.0000
131.0000
131.0000
131.0000
131.0000
131.0000
131.0000
131.0000
131.0000
131.0000
131.0000
131.0000
131.0000
131.0000
131.0000
131.0000
131.0000
131.0000
132.0000
132.0000
132.0000
132.0000
132.0000
132.0000
132.0000
132.0000
132.0000
132.0000
132.0000
132.0000
132.0000
132.0000
132.0000
132.0000
133.0000
133.0000
133.0000
133.0000
133.0000
133.0000
133.0000
133.0000
133.0000
133.0000
133.0000
133.0000
133.0000
133.0000
133.0000
133.0000
134.0000
134.0000
134.0000
134.0000
134.0000
134.0000
134.0000
134.0000
134.0000
134.0000
134.0000
134.0000
134.0000
134.0000
134.0000
134.0000
135.0000
135.0000
135.0000
135.0000
135.0000
135.0000
135.0000
135.0000
135.0000
135.0000
135.0000
135.0000
135.0000
135.0000
135.0000
136.0000
136.0000
136.0000
136.0000
136.0000
136.0000
136.0000
136.0000
136.0000
136.0000
136.0000
136.0000
137.0000
137.0000
137.0000
137.0000
137.0000
137.0000
137.0000
137.0000
137.0000
137.0000
137.0000
137.0000
137.0000
138.0000
138.0000
138.0000
138.0000
138.0000
138.0000
138.0000
138.0000
138.0000
138.0000
139.0000
139.0000
139.0000
139.0000
139.0000
139.0000
139.0000
139.0000
139.0000
139.0000
139.0000
140.0000
140.0000
140.0000
140.0000
140.0000
140.0000
140.0000
140.0000
140.0000
140.0000
140.0000
141.0000
141.0000
141.0000
141.0000
141.0000
141.0000
141.0000
141.0000
141.0000
141.0000
142.0000
142.0000
142.0000
142.0000
142.0000
142.0000
142.0000
142.0000
142.0000
142.0000
142.0000
143.0000
143.0000
143.0000
143.0000
143.0000
143.0000
143.0000
143.0000
143.0000
144.0000
144.0000
144.0000
144.0000
144.0000
144.0000
144.0000
144.0000
144.0000
144.0000
145.0000
145.0000
145.0000
145.0000
145.0000
145.0000
145.0000
145.0000
145.0000
145.0000
146.0000
146.0000
146.0000
146.0000
146.0000
146.0000
146.0000
146.0000
147.0000
147.0000
147.0000
147.0000
147.0000
147.0000
147.0000
148.0000
148.0000
148.0000
148.0000
148.0000
148.0000
148.0000
148.0000
148.0000
149.0000
149.0000
149.0000
149.0000
149.0000
149.0000
149.0000
149.0000
149.0000
149.0000
149.0000
150.0000
150.0000
150.0000
150.0000
150.0000
150.0000
150.0000
150.0000
150.0000
150.0000
150.0000
150.0000
151.0000
151.0000
151.0000
151.0000
151.0000
151.0000
151.0000
151.0000
151.0000
151.0000
151.0000
151.0000
152.0000
152.0000
152.0000
152.0000
152.0000
152.0000
152.0000
152.0000
152.0000
152.0000
153.0000
153.0000
153.0000
153.0000
153.0000
153.0000
153.0000
153.0000
153.0000
153.0000
153.0000
154.0000
154.0000
154.0000
154.0000
154.0000
154.0000
154.0000
154.0000
154.0000
155.0000
155.0000
155.0000
155.0000
155.0000
155.0000
156.0000
156.0000
156.0000
156.0000
156.0000
156.0000
156.0000
157.0000
157.0000
157.0000
157.0000
157.0000
157.0000
158.0000
158.0000
158.0000
158.0000
158.0000
158.0000
158.0000
159.0000
159.0000
159.0000
159.0000
159.0000
159.0000
159.0000
159.0000
160.0000
160.0000
160.0000
160.0000
160.0000
160.0000
160.0000
160.0000
160.0000
160.0000
161.0000
161.0000
161.0000
161.0000
161.0000
161.0000
161.0000
161.0000
161.0000
162.0000
162.0000
162.0000
162.0000
162.0000
162.0000
162.0000
162.0000
162.0000
162.0000
162.0000
162.0000
163.0000
163.0000
163.0000
163.0000
163.0000
163.0000
163.0000
163.0000
163.0000
163.0000
163.0000
163.0000
163.0000
163.0000
164.0000
164.0000
164.0000
164.0000
164.0000
164.0000
164.0000
164.0000
164.0000
164.0000
164.0000
164.0000
164.0000
164.0000
165.0000
165.0000
165.0000
165.0000
165.0000
165.0000
165.0000
165.0000
165.0000
165.0000
165.0000
165.0000
165.0000
165.0000
166.0000
166.0000
166.0000
166.0000
166.0000
166.0000
166.0000
166.0000
166.0000
166.0000
166.0000
166.0000
166.0000
167.0000
167.0000
167.0000
167.0000
167.0000
167.0000
167.0000
167.0000
167.0000
167.0000
167.0000
168.0000
168.0000
168.0000
168.0000
168.0000
168.0000
168.0000
168.0000
168.0000
168.0000
169.0000
169.0000
169.0000
169.0000
169.0000
169.0000
169.0000
169.0000
169.0000
169.0000
169.0000
170.0000
170.0000
170.0000
170.0000
170.0000
170.0000
170.0000
170.0000
170.0000
170.0000
170.0000
170.0000
171.0000
171.0000
171.0000
171.0000
171.0000
171.0000
171.0000
171.0000
171.0000
171.0000
171.0000
172.0000
172.0000
172.0000
172.0000
172.0000
172.0000
172.0000
172.0000
172.0000
172.0000
172.0000
172.0000
172.0000
173.0000
173.0000
173.0000
173.0000
173.0000
173.0000
173.0000
173.0000
174.0000
174.0000
174.0000
174.0000
174.0000
174.0000
174.0000
174.0000
174.0000
175.0000
175.0000
175.0000
175.0000
175.0000
175.0000
175.0000
175.0000
175.0000
176.0000
176.0000
176.0000
176.0000
176.0000
176.0000
176.0000
176.0000
176.0000
176.0000
177.0000
177.0000
177.0000
177.0000
177.0000
177.0000
177.0000
177.0000
177.0000
177.0000
178.0000
178.0000
178.0000
178.0000
178.0000
178.0000
178.0000
178.0000
178.0000
178.0000
179.0000
179.0000
179.0000
179.0000
179.0000
179.0000
179.0000
179.0000
179.0000
180.0000
180.0000
180.0000
180.0000
180.0000
180.0000
180.0000
180.0000
180.0000
180.0000
181.0000
181.0000
181.0000
181.0000
181.0000
181.0000
181.0000
181.0000
182.0000
182.0000
182.0000
182.0000
182.0000
182.0000
182.0000
182.0000
182.0000
182.0000
182.0000
183.0000
183.0000
183.0000
183.0000
183.0000
183.0000
183.0000
183.0000
184.0000
184.0000
184.0000
184.0000
184.0000
184.0000
184.0000
184.0000
184.0000
184.0000
185.0000
185.0000
185.0000
185.0000
185.0000
185.0000
185.0000
185.0000
185.0000
185.0000
186.0000
186.0000
186.0000
186.0000
186.0000
186.0000
186.0000
186.0000
186.0000
186.0000
187.0000
187.0000
187.0000
187.0000
187.0000
187.0000
187.0000
187.0000
187.0000
187.0000
187.0000
187.0000
188.0000
188.0000
188.0000
188.0000
188.0000
188.0000
188.0000
188.0000
188.0000
188.0000
188.0000
189.0000
189.0000
189.0000
189.0000
189.0000
189.0000
189.0000
189.0000
189.0000
189.0000
189.0000
6.2246
5.2994
5.2413
5.3451
5.7039
6.0585
6.1904
5.4346
5.1255
6.6769
6.3466
6.3582
6.2668
5.4954
7.7082
7.4341
7.0831
7.2598
6.9880
7.7628
8.2404
8.3058
7.9966
8.0231
7.9823
7.9019
7.8993
7.5881
7.2084
7.4519
7.5769
7.6597
8.1643
7.7688
8.9601
9.4012
9.6748
8.9855
8.3863
9.5271
8.9057
9.0813
8.7721
8.4258
8.1367
9.5929
8.9485
8.6274
9.5976
10.3035
9.7270
10.6528
9.9275
10.0274
9.8330
10.4572
10.4406
10.3171
10.1170
9.6701
9.3719
10.5480
10.1173
9.5514
10.0218
11.2361
10.9735
10.9336
11.0312
10.9400
11.7636
11.0650
11.0594
10.4765
11.3591
10.9476
11.1743
10.4322
12.1118
11.2786
12.2220
11.6403
12.4176
11.8198
11.7938
12.7138
13.1379
13.1737
13.2511
12.9700
12.7591
13.5090
13.6769
12.8236
12.8816
12.3331
13.4443
12.9707
13.1756
12.7235
12.3168
13.5288
14.5246
14.0025
13.5302
14.0406
13.4275
14.0704
14.6733
14.3241
14.2313
14.1062
14.3847
14.6361
14.7134
14.8248
14.9002
14.2965
14.0291
13.5231
14.0151
14.1001
13.6436
14.6375
15.0641
14.3852
14.8106
15.0880
14.7381
14.8559
14.9562
15.1193
15.3611
15.5702
15.7220
14.6717
15.3482
15.6013
15.1818
15.0598
14.9179
15.0292
15.1933
15.4950
15.6987
15.6711
15.3654
15.2050
14.9221
15.1779
14.5785
15.1622
15.6340
16.1371
16.3069
16.1091
16.1679
15.7440
15.9433
16.4818
16.6635
16.2700
15.9868
16.9938
16.3686
17.2742
17.4041
17.4711
17.1377
16.5956
16.6651
16.6603
16.6222
16.6636
16.7455
16.9042
16.2529
17.2984
16.8518
17.1354
17.2296
17.2600
17.8029
18.1695
17.8838
17.9832
17.9751
18.6607
18.3043
17.0985
17.4258
17.5789
18.1770
18.9424
18.5812
18.0742
17.6812
19.0784
19.3863
18.7307
18.9225
18.9169
19.1040
19.0607
18.5486
18.3005
18.9020
18.7108
19.2642
18.3381
19.0647
19.1700
19.4873
19.6001
19.4252
19.0472
19.1051
19.6640
19.3303
19.1243
19.0692
19.0593
20.1835
19.9699
19.4127
19.8779
19.5750
19.7084
20.7601
19.9470
20.6490
20.3003
19.9434
20.1935
19.8138
19.4532
19.2379
19.1184
20.9589
21.4485
20.9981
20.3698
21.2730
20.2550
20.7047
20.9806
20.2764
21.4834
20.6624
21.6539
21.4393
21.1334
21.1086
20.8745
20.7098
20.5302
21.6734
22.2664
22.1763
22.1401
22.2441
21.1482
21.6157
21.7348
21.7342
21.3954
21.9617
21.6206
21.4814
22.2452
22.3858
21.9859
21.9712
21.7206
21.6172
21.5107
21.3321
23.0166
23.6677
22.9507
22.4898
23.1468
23.6663
23.0628
22.9932
23.8624
23.3909
22.8843
22.8611
22.6555
22.3024
24.3070
23.9485
23.2616
24.2829
23.9353
23.6042
24.6233
24.2942
23.7625
23.4275
23.1392
24.9282
24.7920
25.5734
24.7723
24.4086
25.9213
25.5795
25.2378
24.9258
24.7202
24.2216
26.3889
26.2371
26.2912
26.1348
26.7563
26.2246
26.1927
26.0876
25.8006
25.5841
26.0643
26.4799
26.4482
26.1744
26.2284
26.3437
25.8255
26.0224
26.0938
26.3651
25.3386
26.7927
26.2749
26.2470
25.7286
25.3109
27.1054
27.1820
26.9050
26.6442
26.8798
27.4234
26.4568
26.4364
26.7499
26.6718
26.5500
26.7920
27.3017
26.5343
27.3857
27.1919
26.9963
26.7444
26.9772
27.0128
26.7088
26.7310
26.7602
26.8521
26.9163
26.8254
26.5511
26.5613
26.6311
26.7198
26.9107
27.1672
27.2663
27.0847
26.2839
27.7214
27.2439
26.8506
26.6245
27.7172
28.2743
27.9542
27.7009
27.6599
27.7789
28.3844
28.1080
28.4480
27.6541
27.5282
27.9639
28.4351
28.2214
28.6418
27.8696
28.6444
28.0569
27.9051
27.6626
27.4441
28.6986
28.8184
29.8122
28.8535
29.1525
29.4213
28.8486
29.2145
29.0423
29.1559
29.2219
29.4787
29.7561
29.6849
29.1230
28.9822
28.3284
28.7566
29.2354
30.1529
29.7855
29.7088
30.0438
30.3810
29.8466
30.0741
30.3765
30.7440
30.7987
30.2688
30.1620
29.6334
29.0947
31.0937
30.5637
30.5914
30.9375
31.3393
30.6762
30.9180
31.1982
30.3386
30.7688
31.1977
31.2067
30.7309
30.9423
31.5115
31.8118
31.6954
31.4472
31.0820
30.8782
30.9909
31.1959
30.8765
30.4677
32.3069
31.5462
32.1129
31.7851
31.6873
31.6285
32.3021
32.0557
31.9267
32.7027
31.5908
32.0003
32.3146
31.6358
32.6835
32.3833
32.2824
32.5878
32.7029
31.8652
32.6663
32.3300
32.0347
31.9074
31.8920
31.3808
33.2532
32.5242
32.7187
33.4410
32.9695
33.9433
32.7102
33.1490
33.0626
33.0837
33.1123
33.4193
33.3636
33.2571
33.0069
32.9524
32.7904
32.9978
33.2334
32.6943
33.0763
33.2315
33.3044
33.4446
33.0507
32.8177
32.5945
32.1978
32.9732
33.2913
33.3899
33.0537
33.8382
33.9123
34.3467
33.9198
33.3906
33.4482
33.5727
33.8907
33.9959
34.2091
33.4963
33.8760
34.2919
34.3600
33.8827
34.0323
33.9100
33.7528
33.5752
33.3349
33.1140
34.5868
34.3809
35.7309
35.1520
34.5084
34.9010
34.8651
35.0586
34.4977
35.0285
34.6676
35.1011
34.3701
35.0952
35.4168
35.5965
35.0777
34.3008
35.1420
35.7745
35.0140
35.2600
34.8029
34.4668
34.2400
35.9554
35.9293
35.4963
35.9415
35.4905
35.7990
36.1210
36.3066
35.6277
36.0527
36.3563
36.3003
36.5879
35.9263
35.5423
36.0780
36.7124
36.9436
36.4925
36.0673
35.7063
37.1363
37.0996
37.5230
36.5223
37.2606
36.6532
36.6163
36.7478
36.9251
37.1678
36.5813
36.8887
37.2456
37.1899
36.6481
36.4192
37.5376
37.5170
37.5732
38.9900
38.5244
37.2546
38.1532
38.5946
37.5162
37.8225
38.2514
37.7125
38.1480
38.9858
37.9295
37.2246
37.7754
38.9484
38.9890
39.4770
39.0590
38.8144
39.2830
38.8782
39.2170
39.3415
38.6280
38.9726
39.3053
38.5546
38.9097
39.3191
39.8388
38.3797
39.6537
40.3497
39.6582
39.8546
40.2528
39.7245
40.1053
40.3228
40.3991
39.6734
40.0091
40.2670
40.7534
40.9840
40.7840
41.0921
41.2403
41.2581
40.4683
40.7096
41.0858
41.4354
40.5335
40.6564
40.7429
40.7947
41.0540
41.3246
41.4440
41.6755
41.1958
41.7571
41.6029
41.8981
42.2849
41.4213
41.7055
42.1664
41.8591
42.2149
41.6599
41.9566
42.3775
42.6134
42.8960
42.7142
43.0484
43.3254
42.5640
43.2340
42.8173
43.2967
42.4959
43.2815
42.9141
44.9336
43.5619
44.0466
43.7372
44.3536
44.1813
44.7823
43.7373
44.2684
43.9903
45.4717
44.4370
44.8228
45.0885
44.8711
44.8177
44.9473
44.8469
45.3673
45.1886
44.9529
44.4561
44.8415
45.2663
45.4515
44.6503
45.0538
45.3637
44.6225
44.2962
45.3337
45.4815
46.0470
46.3738
45.9475
46.5053
45.6894
45.9438
46.2324
46.5044
45.8493
46.5868
45.7502
45.4124
45.4561
46.0144
46.5767
46.8608
47.2458
46.8976
47.1159
46.7367
46.9978
47.2248
47.4101
46.4411
47.1079
46.1758
47.6080
47.0327
47.0496
47.3361
47.8328
47.6670
48.1138
47.5561
48.2559
47.5835
47.7679
48.1186
47.6871
48.1831
48.0707
48.5289
47.7401
48.1971
48.6471
48.1803
47.8944
47.2292
48.6467
48.3299
48.4807
48.1502
49.0283
49.0657
49.4006
49.5489
48.5888
49.0438
49.1296
48.5574
49.0637
49.4232
48.5742
49.2354
49.8088
49.4766
49.0474
48.4813
48.3713
48.9674
49.6013
50.5823
50.7857
49.5986
50.2030
49.8369
49.6034
50.1111
50.5408
50.3584
49.9394
49.2413
49.8934
49.4844
50.7777
51.2524
50.4928
51.3366
50.8465
51.0825
51.4052
51.5499
50.8887
50.9071
50.3014
51.6826
51.9783
51.4959
51.1357
52.6190
51.8441
51.6847
52.1108
51.4091
52.4552
52.2557
51.1922
51.8957
51.4054
52.8976
53.0754
52.8784
53.3053
53.2127
52.7833
52.7229
52.4665
53.2401
53.4151
52.5575
53.2091
53.4410
53.6465
52.8206
52.4034
53.6902
54.1910
53.6875
54.0112
54.4268
54.2266
53.8064
54.3110
53.9114
54.5671
54.3203
53.3091
55.0877
54.7061
55.4856
54.8712
55.2063
54.2189
56.1869
56.6377
56.4148
55.6529
56.5096
56.0858
55.7676
55.6608
56.0338
56.1103
55.9159
55.7843
55.5455
56.3854
56.3116
55.4426
55.8469
55.7240
56.7738
56.2585
55.8153
56.5156
56.1892
57.1493
56.6724
56.5662
56.7701
57.3536
57.2910
56.9227
56.4227
57.2504
57.1964
56.8279
57.2956
57.1954
57.1149
57.4153
57.1604
56.6983
57.3289
56.3995
57.2172
57.7417
58.1746
57.9975
58.1106
57.8271
57.8001
57.6442
57.9812
57.9224
57.8061
58.4003
58.4764
57.4593
58.3608
58.2491
58.2116
58.6734
59.0210
58.1815
59.3179
60.1911
60.2514
59.9942
60.8717
60.3125
59.3641
60.4460
59.4903
60.3224
59.7511
60.4081
59.5978
60.8501
59.7815
59.4502
59.9312
59.8738
59.7504
60.4580
60.7605
60.7869
60.7606
60.6708
60.7962
60.8970
61.0092
61.0827
61.0627
61.0180
61.0213
61.3193
61.6122
60.4895
61.6491
61.5085
61.1731
61.0093
61.5000
61.9532
60.4367
61.2528
61.5381
60.9217
60.3887
62.3859
61.9815
62.8985
62.3127
62.3882
62.3271
61.9557
62.2027
63.0298
62.7220
63.2857
63.2085
62.7210
63.3822
64.2861
63.7264
64.1025
64.0077
64.1301
64.3142
64.1456
63.5555
63.1704
64.2176
64.8356
65.7160
64.5640
65.1241
64.8369
65.3873
65.9606
66.0304
65.4845
65.9752
66.4293
65.7666
65.5962
66.2309
66.9427
67.7946
67.0192
66.9535
66.4756
67.2464
66.9520
67.3183
67.5950
67.7368
67.8632
67.2392
66.4540
67.6640
67.4579
67.7034
68.2131
68.2337
67.7110
67.4494
68.4724
67.5705
67.9150
68.3720
68.0120
67.7913
68.0037
67.3837
69.1467
68.7692
69.0067
68.8352
68.5560
68.4730
69.0760
69.2660
68.7569
68.6900
69.8935
69.9784
69.5169
70.3388
69.6211
70.7879
71.1381
70.5414
71.1097
70.2652
70.6035
72.0112
72.4515
72.2463
72.0384
71.5458
72.3867
71.6390
72.3413
73.0945
72.6973
72.9164
73.2960
73.0640
74.3952
75.2390
74.8977
74.7751
75.1670
74.9656
74.4846
75.0823
75.6845
76.5948
75.6696
76.0144
76.4407
76.0575
76.9724
77.3565
77.4060
76.9718
77.4860
77.5222
77.4155
78.3703
77.8645
78.0935
77.8617
78.0540
78.2732
77.7714
77.9366
79.5474
79.3279
78.5705
78.5766
78.3749
78.7069
79.1697
78.6617
79.1907
79.5342
79.5975
79.4168
79.3560
79.0259
79.2982
79.5501
79.6733
79.6322
79.6484
79.5678
79.4252
79.2413
79.0758
78.9257
78.8346
79.0793
79.5241
79.7935
79.9570
79.6703
80.1630
79.7035
79.7278
80.0152
80.0665
80.3034
80.5747
80.9753
80.3540
80.0367
79.8179
80.0934
80.2977
80.3015
80.3683
80.5530
80.7774
80.8878
80.8474
80.8559
80.9937
81.7086
80.5789
80.9587
81.2713
81.0138
81.3835
81.8802
81.7422
81.6599
81.4265
80.9313
81.0906
81.2169
81.3227
81.4019
81.5283
81.6606
81.8133
82.1363
82.0534
81.8204
81.5686
81.7719
81.8385
81.9306
82.1523
82.4175
82.2820
82.0888
82.0750
82.2177
82.5990
82.1645
81.7797
81.7934
82.0307
82.1461
81.8082
82.1264
82.6377
82.7109
82.2201
81.8312
81.8155
81.9215
82.0435
82.0740
82.0933
82.0814
82.0239
82.2160
82.3257
82.5718
82.9548
83.4868
82.6889
82.4934
82.9134
82.7686
82.6407
82.4147
82.6550
82.4675
82.3405
82.6761
83.0464
83.4803
83.6216
83.3201
82.9906
83.0349
82.6574
82.5656
82.6634
82.8837
83.0124
82.6634
82.6609
82.6592
82.7291
82.8881
82.9667
83.0190
83.1783
83.2821
84.5151
83.2802
83.5306
83.8632
84.1815
84.7019
84.6535
84.3005
83.9980
84.1162
84.1136
83.9132
83.5302
83.0393
83.1238
83.3063
83.5822
83.8166
83.9456
84.0449
84.1447
84.9588
85.2523
84.2893
84.7213
85.0684
85.5328
85.7754
85.6225
85.3735
85.0210
84.9809
84.6477
84.4228
84.4561
84.4296
84.3698
84.1435
84.1085
84.4287
84.6406
84.5024
85.1533
84.9136
85.6588
86.4467
85.2408
85.7811
86.2297
86.9177
86.9727
86.6046
86.3132
85.9452
85.7404
85.6146
85.3860
85.0030
86.9463
86.3061
86.3927
87.0879
86.9738
87.6778
87.3276
87.0191
86.8034
86.8587
86.5951
86.3196
87.7907
88.2986
88.7305
88.1190
87.7771
87.6927
87.5573
87.3120
87.0241
88.5724
89.3055
89.2680
88.5050
89.1691
88.9585
89.3416
88.8771
88.7364
88.4523
88.0718
89.4297
90.4403
89.8785
89.6415
90.4518
90.4943
89.9699
89.9373
89.5113
89.2039
90.1355
91.1897
90.9166
90.5409
91.3053
91.3281
90.4343
91.5625
91.9638
91.3716
90.4753
92.0960
92.2767
92.3936
92.9630
93.0918
93.2396
93.8580
93.8204
93.6885
94.1943
95.0344
94.6175
96.6890
95.6494
95.9986
95.4334
96.2522
97.8591
96.9453
97.1539
98.3851
98.0155
97.8654
97.4984
99.6243
98.8128
98.6315
100.4796
101.3085
100.6671
102.2731
101.3875
102.9761
102.9080
102.9021
102.9383
103.0353
103.7372
103.3938
103.2475
103.0188
103.1176
103.1778
103.3577
103.6525
103.4550
103.4873
103.4690
103.5195
103.5535
103.7492
103.9941
103.5733
103.0475
102.7891
102.6904
102.8026
103.0479
103.1849
103.2490
103.2465
103.1636
103.2207
103.3625
103.6474
104.0970
103.8394
104.2302
104.0011
104.0905
104.1157
104.2464
104.3149
104.3394
104.2838
104.1621
103.9558
104.0202
104.6149
105.4718
104.8675
104.5800
104.6408
104.7922
104.8686
104.8281
104.7943
104.7291
104.8682
105.2775
105.6992
105.7845
106.7035
105.7709
105.2110
106.0675
105.9698
105.9249
105.4872
105.3735
105.3808
105.3138
105.3786
105.5204
106.0185
105.9417
105.7219
105.6369
105.6686
105.7997
105.9700
106.0252
106.2027
106.0679
105.8970
105.5426
105.1349
105.1128
105.4422
105.5226
105.4581
105.3096
105.5367
105.8096
106.2264
105.8475
105.8688
105.9562
106.2168
106.3857
106.5639
106.7055
107.0537
106.9450
107.2434
107.3408
106.9894
106.8174
107.6942
107.3200
106.5942
106.0943
106.1314
106.2247
106.2417
106.3917
106.4181
106.4068
106.2674
106.8923
106.8632
107.7524
107.4223
108.0604
108.8435
108.3984
107.6738
108.0389
107.2627
107.1394
107.5776
107.8954
109.9717
108.2175
108.4213
108.6056
108.7031
108.8075
109.0021
109.1827
109.3338
110.6640
111.1408
110.9909
112.2845
112.3105
112.9281
112.4944
112.0566
114.6976
114.7147
114.9556
113.8517
114.5666
114.1200
114.5070
114.9018
115.1185
115.7598
115.1071
115.0165
115.2938
115.0243
115.4477
116.7670
116.0718
116.2879
115.7668
115.5276
116.3091
116.6989
117.2431
117.4678
116.2518
116.7389
117.5874
117.9876
117.7707
118.4435
118.5020
119.3275
119.6428
119.4516
120.2454
120.6105
120.1140
120.6531
121.1019
120.7060
121.2683
121.1548
122.7857
122.1591
122.4518
122.6789
122.3533
122.0936
122.0212
123.5199
123.0477
124.3496
124.2060
124.6182
123.4636
124.5445
125.6296
125.1255
125.1900
125.6459
125.4602
126.3984
126.0991
126.9134
125.8779
126.6465
127.9179
126.5630
127.2477
127.2165
127.8330
127.1857
127.2770
128.1452
127.5703
127.5551
127.6619
128.4345
127.9092
127.9118
128.2912
129.2031
128.2013
128.0573
128.8161
129.0086
129.3746
129.8366
130.5115
130.1604
129.3551
130.1997
129.6158
130.0828
129.5318
129.2580
129.7560
129.9583
130.1831
129.9994
129.4316
130.6121
130.5070
131.9758
131.2794
130.9311
131.2675
131.5967
130.3108
131.5120
132.7605
132.3849
133.8042
133.3560
133.1003
133.9766
133.6789
133.2404
134.6042
134.0701
134.6901
134.0797
134.2072
134.3801
134.5356
134.3324
134.1310
133.7817
134.4050
135.4202
134.8232
134.9515
135.1152
135.6784
135.9393
135.9184
135.5469
135.1615
134.5498
134.7391
135.0436
135.4098
135.9564
136.4125
136.6669
136.0161
136.2348
136.6550
136.0569
136.3995
136.3484
135.8501
135.6593
136.1612
135.6924
135.7698
136.6344
137.5782
136.5012
137.1109
136.9518
136.8545
137.3481
136.7801
136.3473
136.1452
136.1980
136.3103
136.2956
137.0217
137.2431
137.9493
137.9814
137.9816
137.7992
137.7601
137.5755
137.8938
138.5109
137.9544
137.4117
137.3238
137.6856
138.1079
138.4179
138.5923
139.0066
138.9474
139.1050
139.5386
139.7977
139.7566
139.0210
139.0972
139.0470
138.8301
138.4158
138.5433
140.0124
139.2109
140.1362
140.2191
140.2879
140.1234
140.1780
140.4791
140.7814
140.7305
140.3813
140.1168
139.7628
139.5865
139.3018
139.1527
140.3680
141.3929
141.3950
141.0797
140.6519
140.7834
140.9317
140.6178
141.2955
141.7999
141.8737
141.8752
141.8992
141.5144
143.2970
142.8911
142.9373
142.1122
142.3063
142.6368
142.7627
143.1477
142.9080
142.2558
143.6804
143.8469
143.4078
144.5698
144.5843
143.8721
145.4654
144.7425
145.1099
144.7703
145.4874
146.5420
146.2300
146.6681
147.1547
147.0566
146.0857
147.0696
147.6688
147.2104
146.3041
147.2460
146.8362
147.9590
147.6603
147.2313
146.7522
147.3169
148.0085
148.6889
148.3823
147.9545
147.9661
147.2383
147.4935
149.8253
149.3008
148.7574
150.6165
150.7309
150.4021
150.0773
150.3014
150.3861
151.6491
151.1032
150.5815
150.4805
150.8448
150.7048
151.4229
152.1887
152.3074
152.0577
152.2603
151.7548
151.1930
152.4273
153.0785
152.8676
152.1158
152.1703
153.9430
153.7043
152.8173
152.2639
153.0774
154.9170
154.7826
154.8509
154.4739
154.0365
153.4453
154.2588
155.8259
155.6994
155.9150
155.9169
155.7680
155.5316
155.5007
155.3558
155.2120
154.9050
154.5136
155.2570
156.9596
156.6864
156.4202
156.0443
155.8999
155.8389
155.8412
155.8219
155.6470
155.8445
155.8300
157.1555
156.2686
157.7233
157.3898
157.0427
157.0599
157.0637
157.0516
157.0561
157.2260
156.9844
156.0627
157.6951
158.7694
158.4142
158.0135
157.9736
157.9011
157.9698
157.9339
157.9171
157.8276
157.8031
157.6741
157.2788
157.6124
159.5137
158.6839
158.8574
159.1078
158.6227
159.7161
159.2550
158.7844
158.5776
158.5679
158.6065
158.6768
159.0659
159.5734
158.9296
158.3253
160.5634
159.7746
160.5272
159.9507
159.3472
160.2473
160.2535
160.2726
160.3468
160.2086
160.0710
160.3173
159.1322
159.7523
159.3595
159.9451
160.2161
160.2956
159.8233
161.0188
161.8853
160.8345
160.4834
160.8056
160.5959
160.2454
161.1549
161.8481
161.8986
161.9644
161.6656
161.7406
162.3858
162.0702
162.2456
162.5092
162.4157
162.2280
162.0553
162.4945
161.7196
161.3453
162.2175
162.7320
163.8443
163.3672
162.8880
163.3599
163.5938
163.6832
163.3271
163.9081
164.1859
164.1173
163.8351
163.6493
163.3591
163.3593
163.6252
163.7568
163.7891
163.7063
163.9431
164.3421
164.6229
164.7819
164.7593
164.6555
164.6358
164.8085
164.9130
164.8721
165.6595
165.6011
164.5106
164.9087
164.5524
164.5249
164.6748
164.9306
165.1062
164.2307
164.7585
166.0317
165.5011
165.9641
166.0711
166.4088
166.2726
166.6476
166.5235
165.7922
165.1249
165.4853
167.8332
167.4299
166.1453
166.6292
167.0037
166.0076
166.5572
166.7679
166.7589
166.6783
166.6828
166.7500
166.7657
166.7116
166.6556
167.6723
168.3492
168.2813
167.9614
167.8852
168.0356
168.0777
167.9608
167.7289
168.2487
168.3953
168.4000
168.7120
168.8138
169.6384
169.1945
168.8553
169.2561
169.7252
169.3911
170.5915
169.9617
169.3465
169.6192
170.6182
170.9175
171.0588
170.7299
172.0844
172.2372
172.0860
172.6513
172.7063
173.7323
173.7461
172.9982
173.3350
173.0952
172.4457
172.3436
172.8342
173.3746
173.1409
172.5325
172.6022
173.2441
173.5750
173.4867
173.9901
173.4158
173.5713
173.3270
173.5311
174.0727
174.6411
174.2288
174.8734
174.5779
174.9499
175.5499
176.5165
175.1722
175.0905
175.3983
175.6097
176.2680
177.2334
177.9552
177.4241
177.0336
178.8409
178.1987
178.9662
179.4692
179.2251
178.7615
178.7092
178.5531
179.2929
179.6352
179.5072
178.6698
179.3163
179.3935
179.9793
180.0329
181.2727
180.3910
182.0503
182.5614
181.4101
182.3590
182.4389
182.3054
182.5241
183.1439
183.5643
183.0165
182.1773
183.4380
182.5158
183.8827
184.4140
184.1919
183.7057
184.4410
185.5973
185.2788
185.0034
185.0829
184.9743
185.2570
185.3797
184.3717
185.7687
185.6179
185.2319
185.4767
